1 309.3474610554525
101 313.9176663897833
201 318.47620278274
301 323.0230920726025
401 327.5583560719442
501 332.0820165676461
601 336.5940953209115
701 341.0946140672802
801 345.5835945166426
901 350.0610583532543
1001 354.5270272357503
1101 358.9815227971595
1201 363.4245666449186
1301 367.8561803608868
1401 372.2763855013602
1501 376.6852035970856
1601 381.0826561532754
1701 385.4687646496216
1801 389.8435505403102
1901 394.2070352540354
2001 398.5592401940144
2101 402.9001867380009
2201 407.2298962383002
2301 411.5483900217832
2401 415.8556893899005
2501 420.1518156186972
2601 424.4367899588269
2701 428.7106336355661
2801 432.9733678488284
2901 437.2250137731791
3001 441.4655925578492
3101 445.6951253267501
3201 449.9136331784876
3301 454.1211371863762
3401 458.3176583984539
3501 462.5032178374957
3601 466.6778365010288
3701 470.8415353613462
3801 474.9943353655217
3901 479.1362574354235
4001 483.2673224677292
4101 487.3875513339394
4201 491.4969648803929
4301 495.5955839282801
4401 499.6834292736582
4501 503.7605216874648
4601 507.8268819155326
4701 511.8825306786036
4801 515.9274886723435
4901 519.9617765673561
5001 523.9854150091971
5101 527.9984246183894
5201 532.0008259904365
5301 535.9926396958369
5401 539.9738862800995
5501 543.9445862637563
5601 547.9047601423779
5701 551.8544283865874
5801 555.7936114420747
5901 559.7223297296114
6001 563.6406036450637
6101 567.5484535594085
6201 571.4458998187462
6301 575.3329627443163
6401 579.2096626325108
6501 583.0760197548888
6601 586.9320543581908
6701 590.7777866643534
6801 594.6132368705229
6901 598.4384251490703
7001 602.2533716476051
7101 606.0580964889903
7201 609.8526197713556
7301 613.6369615681133
7401 617.4111419279709
7501 621.1751808749465
7601 624.9290984083832
7701 628.6729145029628
7801 632.4066491087204
7901 636.130322151059
8001 639.8439535307632
8101 643.547563124014
8201 647.2411707824033
8301 650.9247963329476
8401 654.5984595781026
8501 658.262180295778
8601 661.9159782393509
8701 665.5598731376809
8801 669.1938846951241
8901 672.8180325915475
9001 676.4323364823431
9101 680.0368159984424
9201 683.6314907463311
9301 687.2163803080625
9401 690.791504241273
9501 694.3568820791952
9601 697.9125333306731
9701 701.4584774801763
9801 704.9947339878136
9901 708.5213222893485
10001 712.0382617962127
10101 715.5455718955204
10201 719.0432719500832
10301 722.5313812984236
10401 726.0099192547902
10501 729.4789051091716
10601 732.9383581273106
10701 736.3882975507186
10801 739.8287425966898
10901 743.2597124583165
11001 746.6812263045016
11101 750.0933032799746
11201 753.4959625053052
11301 756.8892230769173
11401 760.2731040671042
11501 763.6476245240422
11601 767.012803471805
11701 770.3686599103785
11801 773.7152128156746
11901 777.0524811395458
12001 780.3804838097992
12101 783.6992397302115
12201 787.0087677805426
12301 790.3090868165502
12401 793.6002156700042
12501 796.882173148701
12601 800.1549780364776
12701 803.4186490932262
12801 806.6732050549086
12901 809.9186646335702
13001 813.1550465173541
13101 816.3823693705165
13201 819.6006518334395
13301 822.8099125226471
13401 826.0101700308178
13501 829.2014429268004
13601 832.3837497556275
13701 835.5571090385298
13801 838.7215392729508
13901 841.8770589325612
14001 845.0236864672726
14101 848.1614403032523
14201 851.2903388429378
14301 854.4104004650504
14401 857.5216435246103
14501 860.6240863529506
14601 863.7177472577312
14701 866.8026445229541
14801 869.8787964089769
14901 872.9462211525273
15001 876.0049369667177
15101 879.0549620410588
15201 882.0963145414754
15301 885.1290126103189
15401 888.153074366383
15501 891.1685179049169
15601 894.1753612976411
15701 897.1736225927602
15801 900.1633198149783
15901 903.1444709655124
16001 906.1170940221075
16101 909.081206939051
16201 912.0368276471858
16301 914.9839740539264
16401 917.9226640432718
16501 920.8529154758203
16601 923.7747461887842
16701 926.6881739960035
16801 929.5932166879605
16901 932.4898920317944
17001 935.3782177713149
17101 938.2582116270171
17201 941.129891296096
17301 943.9932744524602
17401 946.8483787467468
17501 949.6952218063348
17601 952.5338212353611
17701 955.3641946147327
17801 958.186359502143
17901 961.0003334320847
18001 963.8061339158651
18101 966.6037784416194
18201 969.3932844743263
18301 972.1746694558209
18401 974.9479508048101
18501 977.7131459168871
18601 980.4702721645442
18701 983.2193468971886
18801 985.9603874411566
18901 988.6934110997267
19001 991.4184351531356
19101 994.1354768585912
19201 996.8445534502879
19301 999.5456821394197
19401 1002.238880114196
19501 1004.924164539855
19601 1007.601552558678
19701 1010.271061290003
19801 1012.932707830243
19901 1015.586509252894
20001 1018.232482608554
20101 1020.870644924937
20201 1023.501013206883
20301 1026.123604436379
20401 1028.738435572568
20501 1031.345523551766
20601 1033.944885287475
20701 1036.536537670399
20801 1039.120497568454
20901 1041.69678182679
21001 1044.265407267799
21101 1046.826390691128
21201 1049.379748873702
21301 1051.925498569729
21401 1054.463656510718
21501 1056.994239405497
21601 1059.517263940219
21701 1062.032746778384
21801 1064.54070456085
21901 1067.041153905848
22001 1069.534111408994
22101 1072.019593643308
22201 1074.497617159225
22301 1076.968198484609
22401 1079.431354124769
22501 1081.887100562472
22601 1084.335454257959
22701 1086.776431648957
22801 1089.210049150698
22901 1091.636323155924
23001 1094.055270034913
23101 1096.466906135485
23201 1098.871247783017
23301 1101.268311280464
23401 1103.658112908365
23501 1106.040668924861
23601 1108.415995565711
23701 1110.784109044303
23801 1113.14502555167
23901 1115.498761256505
24001 1117.845332305174
24101 1120.184754821731
24201 1122.51704490793
24301 1124.842218643246
24401 1127.16029208488
24501 1129.471281267781
24601 1131.775202204657
24701 1134.072070885989
24801 1136.361903280046
24901 1138.6447153329
25001 1140.92052296844
25101 1143.189342088385
25201 1145.4511885723
25301 1147.706078277608
25401 1149.95402703961
25501 1152.195050671492
25601 1154.429164964342
25701 1156.656385687168
25801 1158.876728586907
25901 1161.090209388442
26001 1163.296843794617
26101 1165.496647486249
26201 1167.689636122144
26301 1169.87582533911
26401 1172.055230751975
26501 1174.227867953594
26601 1176.393752514873
26701 1178.552899984775
26801 1180.705325890337
26901 1182.851045736687
27001 1184.990075007054
27101 1187.122429162787
27201 1189.248123643364
27301 1191.367173866411
27401 1193.479595227715
27501 1195.585403101235
27601 1197.68461283912
27701 1199.777239771726
27801 1201.863299207621
27901 1203.942806433609
28001 1206.01577671474
28101 1208.082225294322
28201 1210.142167393942
28301 1212.195618213472
28401 1214.242592931092
28501 1216.283106703296
28601 1218.317174664913
28701 1220.344811929117
28801 1222.366033587446
28901 1224.380854709808
29001 1226.389290344504
29101 1228.391355518241
29201 1230.387065236138
29301 1232.376434481753
29401 1234.359478217087
29501 1236.336211382602
29601 1238.306648897239
29701 1240.270805658426
29801 1242.228696542094
29901 1244.180336402696
30001 1246.125740073216
30101 1248.064922365184
30201 1249.997898068693
30301 1251.924681952412
30401 1253.845288763599
30501 1255.759733228116
30601 1257.668030050446
30701 1259.570193913703
30801 1261.466239479649
30901 1263.356181388708
31001 1265.240034259979
31101 1267.117812691252
31201 1268.989531259023
31301 1270.855204518504
31401 1272.714847003644
31501 1274.568473227136
31601 1276.416097680437
31701 1278.25773483378
31801 1280.093399136189
31901 1281.923105015491
32001 1283.746866878335
32101 1285.564699110201
32201 1287.37661607542
32301 1289.182632117181
32401 1290.982761557553
32501 1292.777018697495
32601 1294.56541781687
32701 1296.347973174461
32801 1298.124699007986
32901 1299.89560953411
33001 1301.660718948461
33101 1303.420041425643
33201 1305.173591119252
33301 1306.921382161888
33401 1308.663428665174
33501 1310.399744719762
33601 1312.130344395358
33701 1313.855241740726
33801 1315.57445078371
33901 1317.287985531244
34001 1318.995859969367
34101 1320.698088063241
34201 1322.394683757159
34301 1324.085660974565
34401 1325.771033618064
34501 1327.45081556944
34601 1329.125020689667
34701 1330.793662818927
34801 1332.45675577662
34901 1334.114313361381
35001 1335.766349351097
35101 1337.412877502913
35201 1339.053911553256
35301 1340.689465217843
35401 1342.319552191697
35501 1343.944186149162
35601 1345.563380743916
35701 1347.177149608988
35801 1348.785506356768
35901 1350.388464579026
36001 1351.986037846923
36101 1353.578239711027
36201 1355.165083701326
36301 1356.746583327244
36401 1358.322752077654
36501 1359.893603420891
36601 1361.459150804772
36701 1363.019407656603
36801 1364.574387383197
36901 1366.12410337089
37001 1367.668568985552
37101 1369.207797572602
37201 1370.741802457025
37301 1372.270596943382
37401 1373.794194315828
37501 1375.312607838124
37601 1376.825850753654
37701 1378.333936285437
37801 1379.83687763614
37901 1381.334687988096
38001 1382.827380503316
38101 1384.314968323505
38201 1385.797464570074
38301 1387.274882344156
38401 1388.747234726619
38501 1390.214534778082
38601 1391.676795538929
38701 1393.134030029321
38801 1394.586251249214
38901 1396.033472178372
39001 1397.475705776377
39101 1398.912964982651
39201 1400.345262716465
39301 1401.772611876955
39401 1403.195025343136
39501 1404.612515973915
39601 1406.025096608109
39701 1407.432780064455
39801 1408.835579141629
39901 1410.233506618255
40001 1411.626575252923
40101 1413.014797784202
40201 1414.398186930656
40301 1415.776755390855
40401 1417.150515843392
40501 1418.519480946898
40601 1419.883663340054
40701 1421.243075641604
40801 1422.597730450375
40901 1423.947640345287
41001 1425.292817885366
41101 1426.633275609764
41201 1427.969026037767
41301 1429.300081668814
41401 1430.626454982508
41501 1431.948158438633
41601 1433.265204477167
41701 1434.577605518296
41801 1435.88537396243
41901 1437.188522190213
42001 1438.487062562545
42101 1439.781007420588
42201 1441.070369085785
42301 1442.355159859876
42401 1443.635392024905
42501 1444.911077843243
42601 1446.182229557597
42701 1447.448859391025
42801 1448.710979546953
42901 1449.968602209184
43001 1451.22173954192
43101 1452.470403689768
43201 1453.714606777761
43301 1454.954360911367
43401 1456.189678176509
43501 1457.420570639575
43601 1458.647050347433
43701 1459.869129327446
43801 1461.086819587486
43901 1462.300133115951
44001 1463.509081881773
44101 1464.713677834439
44201 1465.913932904002
44301 1467.109859001096
44401 1468.301468016948
44501 1469.488771823397
44601 1470.671782272906
44701 1471.850511198573
44801 1473.024970414153
44901 1474.195171714065
45001 1475.361126873408
45101 1476.522847647978
45201 1477.680345774282
45301 1478.833632969549
45401 1479.982720931747
45501 1481.127621339596
45601 1482.268345852586
45701 1483.404906110984
45801 1484.537313735856
45901 1485.665580329077
46001 1486.789717473345
46101 1487.909736732199
46201 1489.025649650029
46301 1490.137467752094
46401 1491.245202544532
46501 1492.34886551438
46601 1493.448468129583
46701 1494.544021839012
46801 1495.635538072476
46901 1496.723028240738
47001 1497.806503735527
47101 1498.885975929556
47201 1499.961456176532
47301 1501.032955811175
47401 1502.100486149227
47501 1503.164058487471
47601 1504.223684103744
47701 1505.279374256949
47801 1506.331140187071
47901 1507.378993115194
48001 1508.42294424351
48101 1509.463004755338
48201 1510.499185815136
48301 1511.531498568514
48401 1512.559954142252
48501 1513.584563644312
48601 1514.605338163852
48701 1515.622288771241
48801 1516.635426518075
48901 1517.644762437188
49001 1518.650307542669
49101 1519.652072829873
49201 1520.65006927544
49301 1521.644307837307
49401 1522.634799454722
49501 1523.621555048256
49601 1524.604585519824
49701 1525.583901752693
49801 1526.559514611498
49901 1527.531434942258
50001 1528.499673572389
50101 1529.464241310719
50201 1530.4251489475
50301 1531.382407254426
50401 1532.336026984646
50501 1533.286018872775
50601 1534.232393634914
50701 1535.17516196866
50801 1536.114334553122
50901 1537.049922048935
51001 1537.981935098274
51101 1538.91038432487
51201 1539.835280334023
51301 1540.756633712616
51401 1541.674455029127
51501 1542.588754833651
51601 1543.499543657906
51701 1544.406832015251
51801 1545.310630400702
51901 1546.210949290941
52001 1547.107799144336
52101 1548.001190400953
52201 1548.89113348257
52301 1549.77763879269
52401 1550.660716716559
52501 1551.540377621178
52601 1552.416631855316
52701 1553.289489749527
52801 1554.158961616164
52901 1555.025057749391
53001 1555.887788425201
53101 1556.747163901424
53201 1557.60319441775
53301 1558.455890195737
53401 1559.305261438827
53501 1560.15131833236
53601 1560.994071043591
53701 1561.833529721699
53801 1562.669704497806
53901 1563.502605484991
54001 1564.332242778301
54101 1565.158626454768
54201 1565.981766573424
54301 1566.801673175312
54401 1567.618356283503
54501 1568.431825903111
54601 1569.242092021305
54701 1570.049164607324
54801 1570.853053612492
54901 1571.653768970232
55001 1572.45132059608
55101 1573.245718387701
55201 1574.0369722249
55301 1574.825091969639
55401 1575.610087466051
55501 1576.391968540454
55601 1577.170745001364
55701 1577.946426639512
55801 1578.719023227855
55901 1579.488544521596
56001 1580.255000258189
56101 1581.018400157365
56201 1581.778753921134
56301 1582.53607123381
56401 1583.290361762019
56501 1584.041635154716
56601 1584.789901043196
56701 1585.535169041114
56801 1586.277448744495
56901 1587.016749731749
57001 1587.753081563684
57101 1588.486453783527
57201 1589.216875916927
57301 1589.944357471982
57401 1590.668907939242
57501 1591.390536791731
57601 1592.109253484958
57701 1592.825067456932
57801 1593.537988128176
57901 1594.248024901743
58001 1594.955187163227
58101 1595.65948428078
58201 1596.360925605127
58301 1597.059520469576
58401 1597.755278190039
58501 1598.448208065039
58601 1599.138319375729
58701 1599.825621385907
58801 1600.510123342027
58901 1601.191834473215
59001 1601.870763991282
59101 1602.546921090742
59201 1603.220314948822
59301 1603.890954725478
59401 1604.558849563412
59501 1605.22400858808
59601 1605.886440907713
59701 1606.546155613327
59801 1607.20316177874
59901 1607.857468460583
60001 1608.509084698318
60101 1609.158019514251
60201 1609.804281913545
60301 1610.447880884236
60401 1611.088825397246
60501 1611.727124406399
60601 1612.362786848434
60701 1612.995821643019
60801 1613.626237692766
60901 1614.254043883246
61001 1614.879249083004
61101 1615.501862143567
61201 1616.121891899469
61301 1616.739347168256
61401 1617.354236750507
61501 1617.96656942984
61601 1618.576353972938
61701 1619.183599129551
61801 1619.78831363252
61901 1620.390506197787
62001 1620.990185524408
62101 1621.587360294571
62201 1622.182039173608
62301 1622.77423081001
62401 1623.363943835439
62501 1623.951186864748
62601 1624.535968495989
62701 1625.118297310432
62801 1625.698181872575
62901 1626.275630730164
63001 1626.850652414201
63101 1627.423255438963
63201 1627.993448302014
63301 1628.561239484222
63401 1629.126637449767
63501 1629.689650646165
63601 1630.250287504272
63701 1630.808556438308
63801 1631.364465845862
63901 1631.918024107915
64001 1632.469239588848
64101 1633.018120636459
64201 1633.564675581977
64301 1634.108912740077
64401 1634.650840408892
64501 1635.19046687003
64601 1635.727800388586
64701 1636.262849213161
64801 1636.795621575868
64901 1637.326125692354
65001 1637.854369761812
65101 1638.380361966993
65201 1638.904110474223
65301 1639.425623433416
65401 1639.94490897809
65501 1640.461975225379
65601 1640.976830276049
65701 1641.48948221451
65801 1641.999939108836
65901 1642.508209010771
66001 1643.014299955751
66101 1643.518219962913
66201 1644.019977035112
66301 1644.519579158935
66401 1645.017034304714
66501 1645.512350426543
66601 1646.00553546229
66701 1646.49659733361
66801 1646.985543945965
66901 1647.472383188631
67001 1647.957122934718
67101 1648.439771041182
67201 1648.92033534884
67301 1649.398823682383
67401 1649.87524385039
67501 1650.349603645346
67601 1650.821910843654
67701 1651.292173205646
67801 1651.760398475604
67901 1652.226594381769
68001 1652.690768636359
68101 1653.152928935577
68201 1653.613082959636
68301 1654.071238372762
68401 1654.527402823216
68501 1654.981583943305
68601 1655.433789349398
68701 1655.884026641937
68801 1656.332303405458
68901 1656.778627208596
69001 1657.223005604109
69101 1657.665446128884
69201 1658.105956303957
69301 1658.544543634525
69401 1658.981215609961
69501 1659.415979703827
69601 1659.848843373889
69701 1660.279814062134
69801 1660.70889919478
69901 1661.136106182292
70001 1661.561442419398
70101 1661.984915285102
70201 1662.406532142695
70301 1662.826300339778
70401 1663.244227208266
70501 1663.660320064409
70601 1664.074586208806
70701 1664.487032926415
70801 1664.897667486573
70901 1665.306497143006
71001 1665.713529133843
71101 1666.118770681636
71201 1666.522228993369
71301 1666.923911260472
71401 1667.323824658839
71501 1667.721976348839
71601 1668.118373475334
71701 1668.51302316769
71801 1668.90593253979
71901 1669.297108690054
72001 1669.686558701449
72101 1670.074289641504
72201 1670.460308562325
72301 1670.844622500608
72401 1671.227238477656
72501 1671.608163499391
72601 1671.987404556369
72701 1672.364968623792
72801 1672.740862661529
72901 1673.115093614123
73001 1673.487668410809
73101 1673.858593965526
73201 1674.227877176936
73301 1674.595524928434
73401 1674.961544088161
73501 1675.325941509025
73601 1675.688724028708
73701 1676.049898469684
73801 1676.409471639236
73901 1676.767450329463
74001 1677.1238413173
74101 1677.478651364531
74201 1677.831887217803
74301 1678.183555608642
74401 1678.533663253462
74501 1678.882216853587
74601 1679.229223095258
74701 1679.574688649654
74801 1679.918620172901
74901 1680.261024306089
75001 1680.601907675286
75101 1680.941276891551
75201 1681.27913855095
75301 1681.615499234569
75401 1681.950365508531
75501 1682.283743924006
75601 1682.615641017228
75701 1682.946063309511
75801 1683.275017307258
75901 1683.602509501981
76001 1683.928546370313
76101 1684.253134374021
76201 1684.576279960021
76301 1684.897989560396
76401 1685.218269592403
76501 1685.537126458495
76601 1685.854566546329
76701 1686.170596228787
76801 1686.485221863982
76901 1686.79844979528
77001 1687.11028635131
77101 1687.420737845979
77201 1687.729810578488
77301 1688.037510833344
77401 1688.343844880375
77501 1688.648818974748
77601 1688.952439356976
77701 1689.254712252938
77801 1689.555643873891
77901 1689.855240416488
78001 1690.153508062785
78101 1690.450452980263
78201 1690.746081321838
78301 1691.040399225875
78401 1691.333412816206
78501 1691.62512820214
78601 1691.91555147848
78701 1692.204688725537
78801 1692.492546009143
78901 1692.779129380667
79001 1693.064444877029
79101 1693.348498520713
79201 1693.631296319782
79301 1693.912844267893
79401 1694.193148344311
79501 1694.472214513924
79601 1694.750048727255
79701 1695.026656920478
79801 1695.302045015433
79901 1695.576218919639
80001 1695.849184526309
80101 1696.120947714363
80201 1696.391514348446
80301 1696.660890278936
80401 1696.929081341967
80501 1697.196093359433
80601 1697.461932139011
80701 1697.726603474173
80801 1697.990113144196
80901 1698.252466914182
81001 1698.51367053507
81101 1698.773729743649
81201 1699.032650262575
81301 1699.290437800383
81401 1699.547098051503
81501 1699.802636696274
81601 1700.057059400956
81701 1700.310371817749
81801 1700.562579584802
81901 1700.813688326232
82001 1701.063703652134
82101 1701.3126311586
82201 1701.56047642773
82301 1701.807245027646
82401 1702.052942512509
82501 1702.297574422532
82601 1702.541146283991
82701 1702.783663609248
82801 1703.025131896756
82901 1703.265556631076
83001 1703.504943282897
83101 1703.743297309041
83201 1703.980624152486
83301 1704.216929242373
83401 1704.452217994027
83501 1704.686495808965
83601 1704.919768074915
83701 1705.15204016583
83801 1705.383317441898
83901 1705.613605249562
84001 1705.842908921529
84101 1706.071233776791
84201 1706.298585120632
84301 1706.524968244645
84401 1706.750388426751
84501 1706.974850931204
84601 1707.198361008616
84701 1707.420923895962
84801 1707.642544816601
84901 1707.863228980284
85001 1708.082981583175
85101 1708.301807807861
85201 1708.519712823369
85301 1708.736701785176
85401 1708.952779835229
85501 1709.167952101955
85601 1709.382223700277
85701 1709.595599731628
85801 1709.808085283967
85901 1710.01968543179
86001 1710.230405236146
86101 1710.440249744653
86201 1710.649223991509
86301 1710.85733299751
86401 1711.06458177006
86501 1711.270975303191
86601 1711.47651857757
86701 1711.681216560521
86801 1711.885074206033
86901 1712.08809645478
87001 1712.290288234129
87101 1712.491654458159
87201 1712.692200027676
87301 1712.891929830221
87401 1713.090848740092
87501 1713.288961618355
87601 1713.486273312857
87701 1713.682788658241
87801 1713.878512475963
87901 1714.0734495743
88001 1714.267604748376
88101 1714.460982780162
88201 1714.653588438499
88301 1714.845426479112
88401 1715.036501644623
88501 1715.226818664562
88601 1715.416382255389
88701 1715.605197120499
88801 1715.793267950246
88901 1715.980599421948
89001 1716.167196199909
89101 1716.353062935428
89201 1716.538204266818
89301 1716.722624819414
89401 1716.906329205595
89501 1717.08932202479
89601 1717.271607863502
89701 1717.453191295313
89801 1717.634076880902
89901 1717.814269168064
90001 1717.993772691716
90101 1718.172591973916
90201 1718.350731523877
90301 1718.528195837984
90401 1718.704989399798
90501 1718.881116680086
90601 1719.05658213682
90701 1719.231390215203
90801 1719.405545347676
90901 1719.579051953936
91001 1719.751914440949
91101 1719.924137202964
91201 1720.095724621528
91301 1720.266681065501
91401 1720.437010891069
91501 1720.606718441758
91601 1720.775808048452
91701 1720.944284029399
91801 1721.112150690236
91901 1721.279412323997
92001 1721.446073211127
92101 1721.612137619498
92201 1721.777609804424
92301 1721.942494008673
92401 1722.106794462486
92501 1722.270515383583
92601 1722.433660977187
92701 1722.59623543603
92801 1722.758242940374
92901 1722.919687658022
93001 1723.08057374433
93101 1723.240905342225
93201 1723.400686582222
93301 1723.559921582428
93401 1723.718614448569
93501 1723.876769273996
93601 1724.0343901397
93701 1724.19148111433
93801 1724.348046254205
93901 1724.504089603327
94001 1724.659615193399
94101 1724.814627043835
94201 1724.969129161779
94301 1725.123125542115
94401 1725.276620167483
94501 1725.429617008295
94601 1725.582120022746
94701 1725.734133156832
94801 1725.885660344362
94901 1726.036705506971
95001 1726.187272554138
95101 1726.337365383198
95201 1726.486987879356
95301 1726.636143915703
95401 1726.784837353229
95501 1726.933072040837
95601 1727.08085181536
95701 1727.22818050157
95801 1727.3750619122
95901 1727.521499847951
96001 1727.667498097509
96101 1727.813060437562
96201 1727.95819063281
96301 1728.102892435982
96401 1728.247169587849
96501 1728.39102581724
96601 1728.534464841053
96701 1728.677490364276
96801 1728.820106079993
96901 1728.962315669403
97001 1729.104122801834
97101 1729.245531134756
97201 1729.386544313797
97301 1729.527165972758
97401 1729.667399733622
97501 1729.807249206576
97601 1729.946717990019
97701 1730.08580967058
97801 1730.22452782313
97901 1730.362876010799
98001 1730.500857784988
98101 1730.638476685383
98201 1730.77573623997
98301 1730.912639965054
98401 1731.049191365265
98501 1731.185393933578
98601 1731.321251151324
98701 1731.456766488207
98801 1731.591943402318
98901 1731.726785340149
99001 1731.861295736604
99101 1731.995478015021
99201 1732.129335587177
99301 1732.26287185331
99401 1732.396090202129
99501 1732.528994010829
99601 1732.661586645108
99701 1732.793871459176
99801 1732.925851795778
99901 1733.057530986195
100001 1733.057530986195
100101 1733.212262453182
100201 1733.366993920169
100301 1733.521725387156
100401 1733.676456854143
100501 1733.831188321131
100601 1733.985919788118
100701 1734.140651255105
100801 1734.295382722092
100901 1734.450114189079
101001 1734.604845656067
101101 1734.759577123054
101201 1734.914308590041
101301 1735.069040057028
101401 1735.223771524016
101501 1735.378502991003
101601 1735.53323445799
101701 1735.687965924977
101801 1735.842697391964
101901 1735.997428858951
102001 1736.152160325939
102101 1736.306891792926
102201 1736.461623259913
102301 1736.6163547269
102401 1736.771086193887
102501 1736.925817660875
102601 1737.080549127862
102701 1737.235280594849
102801 1737.390012061836
102901 1737.544743528823
103001 1737.699474995811
103101 1737.854206462798
103201 1738.008937929785
103301 1738.163669396772
103401 1738.318400863759
103501 1738.473132330746
103601 1738.627863797734
103701 1738.782595264721
103801 1738.937326731708
103901 1739.092058198695
104001 1739.246789665682
104101 1739.40152113267
104201 1739.556252599657
104301 1739.710984066644
104401 1739.865715533631
104501 1740.020447000619
104601 1740.175178467606
104701 1740.329909934593
104801 1740.48464140158
104901 1740.639372868567
105001 1740.794104335554
105101 1740.948835802542
105201 1741.103567269529
105301 1741.258298736516
105401 1741.413030203503
105501 1741.56776167049
105601 1741.722493137478
105701 1741.877224604465
105801 1742.031956071452
105901 1742.186687538439
106001 1742.341419005426
106101 1742.496150472414
106201 1742.650881939401
106301 1742.805613406388
106401 1742.960344873375
106501 1743.115076340362
106601 1743.269807807349
106701 1743.424539274337
106801 1743.579270741324
106901 1743.734002208311
107001 1743.888733675298
107101 1744.043465142286
107201 1744.198196609273
107301 1744.35292807626
107401 1744.507659543247
107501 1744.662391010234
107601 1744.817122477222
107701 1744.971853944209
107801 1745.126585411196
107901 1745.281316878183
108001 1745.43604834517
108101 1745.590779812158
108201 1745.745511279145
108301 1745.900242746132
108401 1746.054974213119
108501 1746.209705680106
108601 1746.364437147093
108701 1746.519168614081
108801 1746.673900081068
108901 1746.828631548055
109001 1746.983363015042
109101 1747.138094482029
109201 1747.292825949017
109301 1747.447557416004
109401 1747.602288882991
109501 1747.757020349978
109601 1747.911751816966
109701 1748.066483283953
109801 1748.22121475094
109901 1748.375946217927
110001 1748.530677684914
110101 1748.685409151901
110201 1748.840140618889
110301 1748.994872085876
110401 1749.149603552863
110501 1749.30433501985
110601 1749.459066486837
110701 1749.613797953825
110801 1749.768529420812
110901 1749.923260887799
111001 1750.077992354786
111101 1750.232723821773
111201 1750.387455288761
111301 1750.542186755748
111401 1750.696918222735
111501 1750.851649689722
111601 1751.006381156709
111701 1751.161112623696
111801 1751.315844090684
111901 1751.470575557671
112001 1751.625307024658
112101 1751.780038491645
112201 1751.934769958632
112301 1752.08950142562
112401 1752.244232892607
112501 1752.398964359594
112601 1752.553695826581
112701 1752.708427293569
112801 1752.863158760556
112901 1753.017890227543
113001 1753.17262169453
113101 1753.327353161517
113201 1753.482084628504
113301 1753.636816095492
113401 1753.791547562479
113501 1753.946279029466
113601 1754.101010496453
113701 1754.25574196344
113801 1754.410473430428
113901 1754.565204897415
114001 1754.719936364402
114101 1754.874667831389
114201 1755.029399298376
114301 1755.184130765364
114401 1755.338862232351
114501 1755.493593699338
114601 1755.648325166325
114701 1755.803056633312
114801 1755.957788100299
114901 1756.112519567287
115001 1756.267251034274
115101 1756.421982501261
115201 1756.576713968248
115301 1756.731445435236
115401 1756.886176902223
115501 1757.04090836921
115601 1757.195639836197
115701 1757.350371303184
115801 1757.505102770172
115901 1757.659834237159
116001 1757.814565704146
116101 1757.969297171133
116201 1758.12402863812
116301 1758.278760105107
116401 1758.433491572095
116501 1758.588223039082
116601 1758.742954506069
116701 1758.897685973056
116801 1759.052417440043
116901 1759.207148907031
117001 1759.361880374018
117101 1759.516611841005
117201 1759.671343307992
117301 1759.826074774979
117401 1759.980806241967
117501 1760.135537708954
117601 1760.290269175941
117701 1760.445000642928
117801 1760.599732109916
117901 1760.754463576903
118001 1760.90919504389
118101 1761.063926510877
118201 1761.218657977864
118301 1761.373389444851
118401 1761.528120911839
118501 1761.682852378826
118601 1761.837583845813
118701 1761.9923153128
118801 1762.147046779787
118901 1762.301778246775
119001 1762.456509713762
119101 1762.611241180749
119201 1762.765972647736
119301 1762.920704114723
119401 1763.075435581711
119501 1763.230167048698
119601 1763.384898515685
119701 1763.539629982672
119801 1763.694361449659
119901 1763.849092916646
120001 1764.003824383634
120101 1764.158555850621
120201 1764.313287317608
120301 1764.468018784595
120401 1764.622750251583
120501 1764.77748171857
120601 1764.932213185557
120701 1765.086944652544
120801 1765.241676119531
120901 1765.396407586519
121001 1765.551139053506
121101 1765.705870520493
121201 1765.86060198748
121301 1766.015333454467
121401 1766.170064921454
121501 1766.324796388442
121601 1766.479527855429
121701 1766.634259322416
121801 1766.788990789403
121901 1766.94372225639
122001 1767.098453723378
122101 1767.253185190365
122201 1767.407916657352
122301 1767.562648124339
122401 1767.717379591326
122501 1767.872111058314
122601 1768.026842525301
122701 1768.181573992288
122801 1768.336305459275
122901 1768.491036926262
123001 1768.645768393249
123101 1768.800499860237
123201 1768.955231327224
123301 1769.109962794211
123401 1769.264694261198
123501 1769.419425728186
123601 1769.574157195173
123701 1769.72888866216
123801 1769.883620129147
123901 1770.038351596134
124001 1770.193083063122
124101 1770.347814530109
124201 1770.502545997096
124301 1770.657277464083
124401 1770.81200893107
124501 1770.966740398057
124601 1771.121471865045
124701 1771.276203332032
124801 1771.430934799019
124901 1771.585666266006
125001 1771.740397732993
125101 1771.895129199981
125201 1772.049860666968
125301 1772.204592133955
125401 1772.359323600942
125501 1772.514055067929
125601 1772.668786534917
125701 1772.823518001904
125801 1772.978249468891
125901 1773.132980935878
126001 1773.287712402866
126101 1773.442443869853
126201 1773.59717533684
126301 1773.751906803827
126401 1773.906638270814
126501 1774.061369737801
126601 1774.216101204789
126701 1774.370832671776
126801 1774.525564138763
126901 1774.68029560575
127001 1774.835027072737
127101 1774.989758539725
127201 1775.144490006712
127301 1775.299221473699
127401 1775.453952940686
127501 1775.608684407673
127601 1775.76341587466
127701 1775.918147341648
127801 1776.072878808635
127901 1776.227610275622
128001 1776.382341742609
128101 1776.537073209596
128201 1776.691804676584
128301 1776.846536143571
128401 1777.001267610558
128501 1777.155999077545
128601 1777.310730544532
128701 1777.46546201152
128801 1777.620193478507
128901 1777.774924945494
129001 1777.929656412481
129101 1778.084387879469
129201 1778.239119346456
129301 1778.393850813443
129401 1778.54858228043
129501 1778.703313747417
129601 1778.858045214404
129701 1779.012776681392
129801 1779.167508148379
129901 1779.322239615366
130001 1779.476971082353
130101 1779.63170254934
130201 1779.786434016328
130301 1779.941165483315
130401 1780.095896950302
130501 1780.250628417289
130601 1780.405359884276
130701 1780.560091351264
130801 1780.714822818251
130901 1780.869554285238
131001 1781.024285752225
131101 1781.179017219212
131201 1781.333748686199
131301 1781.488480153187
131401 1781.643211620174
131501 1781.797943087161
131601 1781.952674554148
131701 1782.107406021136
131801 1782.262137488123
131901 1782.41686895511
132001 1782.571600422097
132101 1782.726331889084
132201 1782.881063356072
132301 1783.035794823059
132401 1783.190526290046
132501 1783.345257757033
132601 1783.49998922402
132701 1783.654720691007
132801 1783.809452157995
132901 1783.964183624982
133001 1784.118915091969
133101 1784.273646558956
133201 1784.428378025943
133301 1784.583109492931
133401 1784.737840959918
133501 1784.892572426905
133601 1785.047303893892
133701 1785.202035360879
133801 1785.356766827867
133901 1785.511498294854
134001 1785.666229761841
134101 1785.820961228828
134201 1785.975692695815
134301 1786.130424162803
134401 1786.28515562979
134501 1786.439887096777
134601 1786.594618563764
134701 1786.749350030751
134801 1786.904081497739
134901 1787.058812964726
135001 1787.213544431713
135101 1787.3682758987
135201 1787.523007365687
135301 1787.677738832675
135401 1787.832470299662
135501 1787.987201766649
135601 1788.141933233636
135701 1788.296664700623
135801 1788.45139616761
135901 1788.606127634598
136001 1788.760859101585
136101 1788.915590568572
136201 1789.070322035559
136301 1789.225053502546
136401 1789.379784969534
136501 1789.534516436521
136601 1789.689247903508
136701 1789.843979370495
136801 1789.998710837483
136901 1790.15344230447
137001 1790.308173771457
137101 1790.462905238444
137201 1790.617636705431
137301 1790.772368172419
137401 1790.927099639406
137501 1791.081831106393
137601 1791.23656257338
137701 1791.391294040367
137801 1791.546025507354
137901 1791.700756974342
138001 1791.855488441329
138101 1792.010219908316
138201 1792.164951375303
138301 1792.31968284229
138401 1792.474414309278
138501 1792.629145776265
138601 1792.783877243252
138701 1792.938608710239
138801 1793.093340177226
138901 1793.248071644213
139001 1793.402803111201
139101 1793.557534578188
139201 1793.712266045175
139301 1793.866997512162
139401 1794.021728979149
139501 1794.176460446137
139601 1794.331191913124
139701 1794.485923380111
139801 1794.640654847098
139901 1794.795386314086
140001 1794.950117781073
140101 1795.10484924806
140201 1795.259580715047
140301 1795.414312182034
140401 1795.569043649022
140501 1795.723775116009
140601 1795.878506582996
140701 1796.033238049983
140801 1796.18796951697
140901 1796.342700983957
141001 1796.497432450945
141101 1796.652163917932
141201 1796.806895384919
141301 1796.961626851906
141401 1797.116358318893
141501 1797.271089785881
141601 1797.425821252868
141701 1797.580552719855
141801 1797.735284186842
141901 1797.890015653829
142001 1798.044747120817
142101 1798.199478587804
142201 1798.354210054791
142301 1798.508941521778
142401 1798.663672988765
142501 1798.818404455753
142601 1798.97313592274
142701 1799.127867389727
142801 1799.282598856714
142901 1799.437330323701
143001 1799.592061790689
143101 1799.746793257676
143201 1799.901524724663
143301 1800.05625619165
143401 1800.210987658637
143501 1800.365719125625
143601 1800.520450592612
143701 1800.675182059599
143801 1800.829913526586
143901 1800.984644993573
144001 1801.13937646056
144101 1801.294107927548
144201 1801.448839394535
144301 1801.603570861522
144401 1801.758302328509
144501 1801.913033795496
144601 1802.067765262484
144701 1802.222496729471
144801 1802.377228196458
144901 1802.531959663445
145001 1802.686691130433
145101 1802.84142259742
145201 1802.996154064407
145301 1803.150885531394
145401 1803.305616998381
145501 1803.460348465368
145601 1803.615079932356
145701 1803.769811399343
145801 1803.92454286633
145901 1804.079274333317
146001 1804.234005800304
146101 1804.388737267292
146201 1804.543468734279
146301 1804.698200201266
146401 1804.852931668253
146501 1805.00766313524
146601 1805.162394602228
146701 1805.317126069215
146801 1805.471857536202
146901 1805.626589003189
147001 1805.781320470176
147101 1805.936051937163
147201 1806.090783404151
147301 1806.245514871138
147401 1806.400246338125
147501 1806.554977805112
147601 1806.7097092721
147701 1806.864440739087
147801 1807.019172206074
147901 1807.173903673061
148001 1807.328635140048
148101 1807.483366607036
148201 1807.638098074023
148301 1807.79282954101
148401 1807.947561007997
148501 1808.102292474984
148601 1808.257023941972
148701 1808.411755408959
148801 1808.566486875946
148901 1808.721218342933
149001 1808.87594980992
149101 1809.030681276907
149201 1809.185412743895
149301 1809.340144210882
149401 1809.494875677869
149501 1809.649607144856
149601 1809.804338611843
149701 1809.959070078831
149801 1810.113801545818
149901 1810.268533012805
150001 1810.423264479792
150101 1810.577995946779
150201 1810.732727413766
150301 1810.887458880754
150401 1811.042190347741
150501 1811.196921814728
150601 1811.351653281715
150701 1811.506384748703
150801 1811.66111621569
150901 1811.815847682677
151001 1811.970579149664
151101 1812.125310616651
151201 1812.280042083639
151301 1812.434773550626
151401 1812.589505017613
151501 1812.7442364846
151601 1812.898967951587
151701 1813.053699418575
151801 1813.208430885562
151901 1813.363162352549
152001 1813.517893819536
152101 1813.672625286523
152201 1813.82735675351
152301 1813.982088220498
152401 1814.136819687485
152501 1814.291551154472
152601 1814.446282621459
152701 1814.601014088446
152801 1814.755745555434
152901 1814.910477022421
153001 1815.065208489408
153101 1815.219939956395
153201 1815.374671423383
153301 1815.52940289037
153401 1815.684134357357
153501 1815.838865824344
153601 1815.993597291331
153701 1816.148328758318
153801 1816.303060225306
153901 1816.457791692293
154001 1816.61252315928
154101 1816.767254626267
154201 1816.921986093254
154301 1817.076717560242
154401 1817.231449027229
154501 1817.386180494216
154601 1817.540911961203
154701 1817.69564342819
154801 1817.850374895178
154901 1818.005106362165
155001 1818.159837829152
155101 1818.314569296139
155201 1818.469300763126
155301 1818.624032230113
155401 1818.778763697101
155501 1818.933495164088
155601 1819.088226631075
155701 1819.242958098062
155801 1819.397689565049
155901 1819.552421032037
156001 1819.707152499024
156101 1819.861883966011
156201 1820.016615432998
156301 1820.171346899986
156401 1820.326078366973
156501 1820.48080983396
156601 1820.635541300947
156701 1820.790272767934
156801 1820.945004234921
156901 1821.099735701909
157001 1821.254467168896
157101 1821.409198635883
157201 1821.56393010287
157301 1821.718661569857
157401 1821.873393036845
157501 1822.028124503832
157601 1822.182855970819
157701 1822.337587437806
157801 1822.492318904793
157901 1822.647050371781
158001 1822.801781838768
158101 1822.956513305755
158201 1823.111244772742
158301 1823.265976239729
158401 1823.420707706716
158501 1823.575439173704
158601 1823.730170640691
158701 1823.884902107678
158801 1824.039633574665
158901 1824.194365041653
159001 1824.34909650864
159101 1824.503827975627
159201 1824.658559442614
159301 1824.813290909601
159401 1824.968022376589
159501 1825.122753843576
159601 1825.277485310563
159701 1825.43221677755
159801 1825.586948244537
159901 1825.741679711525
160001 1825.896411178512
160101 1826.051142645499
160201 1826.205874112486
160301 1826.360605579473
160401 1826.51533704646
160501 1826.670068513448
160601 1826.824799980435
160701 1826.979531447422
160801 1827.134262914409
160901 1827.288994381396
161001 1827.443725848384
161101 1827.598457315371
161201 1827.753188782358
161301 1827.907920249345
161401 1828.062651716333
161501 1828.21738318332
161601 1828.372114650307
161701 1828.526846117294
161801 1828.681577584281
161901 1828.836309051268
162001 1828.991040518256
162101 1829.145771985243
162201 1829.30050345223
162301 1829.455234919217
162401 1829.609966386204
162501 1829.764697853192
162601 1829.919429320179
162701 1830.074160787166
162801 1830.228892254153
162901 1830.38362372114
163001 1830.538355188128
163101 1830.693086655115
163201 1830.847818122102
163301 1831.002549589089
163401 1831.157281056076
163501 1831.312012523063
163601 1831.466743990051
163701 1831.621475457038
163801 1831.776206924025
163901 1831.930938391012
164001 1832.085669858
164101 1832.240401324987
164201 1832.395132791974
164301 1832.549864258961
164401 1832.704595725948
164501 1832.859327192936
164601 1833.014058659923
164701 1833.16879012691
164801 1833.323521593897
164901 1833.478253060884
165001 1833.632984527871
165101 1833.787715994859
165201 1833.942447461846
165301 1834.097178928833
165401 1834.25191039582
165501 1834.406641862807
165601 1834.561373329795
165701 1834.716104796782
165801 1834.870836263769
165901 1835.025567730756
166001 1835.180299197743
166101 1835.335030664731
166201 1835.489762131718
166301 1835.644493598705
166401 1835.799225065692
166501 1835.953956532679
166601 1836.108687999666
166701 1836.263419466654
166801 1836.418150933641
166901 1836.572882400628
167001 1836.727613867615
167101 1836.882345334603
167201 1837.03707680159
167301 1837.191808268577
167401 1837.346539735564
167501 1837.501271202551
167601 1837.656002669539
167701 1837.810734136526
167801 1837.965465603513
167901 1838.1201970705
168001 1838.274928537487
168101 1838.429660004474
168201 1838.584391471462
168301 1838.739122938449
168401 1838.893854405436
168501 1839.048585872423
168601 1839.20331733941
168701 1839.358048806398
168801 1839.512780273385
168901 1839.667511740372
169001 1839.822243207359
169101 1839.976974674346
169201 1840.131706141334
169301 1840.286437608321
169401 1840.441169075308
169501 1840.595900542295
169601 1840.750632009283
169701 1840.90536347627
169801 1841.060094943257
169901 1841.214826410244
170001 1841.369557877231
170101 1841.524289344218
170201 1841.679020811206
170301 1841.833752278193
170401 1841.98848374518
170501 1842.143215212167
170601 1842.297946679154
170701 1842.452678146142
170801 1842.607409613129
170901 1842.762141080116
171001 1842.916872547103
171101 1843.07160401409
171201 1843.226335481078
171301 1843.381066948065
171401 1843.535798415052
171501 1843.690529882039
171601 1843.845261349026
171701 1843.999992816013
171801 1844.154724283001
171901 1844.309455749988
172001 1844.464187216975
172101 1844.618918683962
172201 1844.773650150949
172301 1844.928381617937
172401 1845.083113084924
172501 1845.237844551911
172601 1845.392576018898
172701 1845.547307485886
172801 1845.702038952873
172901 1845.85677041986
173001 1846.011501886847
173101 1846.166233353834
173201 1846.320964820821
173301 1846.475696287809
173401 1846.630427754796
173501 1846.785159221783
173601 1846.93989068877
173701 1847.094622155757
173801 1847.249353622745
173901 1847.404085089732
174001 1847.558816556719
174101 1847.713548023706
174201 1847.868279490693
174301 1848.023010957681
174401 1848.177742424668
174501 1848.332473891655
174601 1848.487205358642
174701 1848.641936825629
174801 1848.796668292617
174901 1848.951399759604
175001 1849.106131226591
175101 1849.260862693578
175201 1849.415594160565
175301 1849.570325627553
175401 1849.72505709454
175501 1849.879788561527
175601 1850.034520028514
175701 1850.189251495501
175801 1850.343982962489
175901 1850.498714429476
176001 1850.653445896463
176101 1850.80817736345
176201 1850.962908830437
176301 1851.117640297424
176401 1851.272371764412
176501 1851.427103231399
176601 1851.581834698386
176701 1851.736566165373
176801 1851.89129763236
176901 1852.046029099348
177001 1852.200760566335
177101 1852.355492033322
177201 1852.510223500309
177301 1852.664954967296
177401 1852.819686434284
177501 1852.974417901271
177601 1853.129149368258
177701 1853.283880835245
177801 1853.438612302233
177901 1853.59334376922
178001 1853.748075236207
178101 1853.902806703194
178201 1854.057538170181
178301 1854.212269637168
178401 1854.367001104156
178501 1854.521732571143
178601 1854.67646403813
178701 1854.831195505117
178801 1854.985926972104
178901 1855.140658439092
179001 1855.295389906079
179101 1855.450121373066
179201 1855.604852840053
179301 1855.75958430704
179401 1855.914315774028
179501 1856.069047241015
179601 1856.223778708002
179701 1856.378510174989
179801 1856.533241641976
179901 1856.687973108963
180001 1856.842704575951
180101 1856.997436042938
180201 1857.152167509925
180301 1857.306898976912
180401 1857.4616304439
180501 1857.616361910887
180601 1857.771093377874
180701 1857.925824844861
180801 1858.080556311848
180901 1858.235287778836
181001 1858.390019245823
181101 1858.54475071281
181201 1858.699482179797
181301 1858.854213646784
181401 1859.008945113771
181501 1859.163676580759
181601 1859.318408047746
181701 1859.473139514733
181801 1859.62787098172
181901 1859.782602448707
182001 1859.937333915695
182101 1860.092065382682
182201 1860.246796849669
182301 1860.401528316656
182401 1860.556259783643
182501 1860.710991250631
182601 1860.865722717618
182701 1861.020454184605
182801 1861.175185651592
182901 1861.329917118579
183001 1861.484648585566
183101 1861.639380052554
183201 1861.794111519541
183301 1861.948842986528
183401 1862.103574453515
183501 1862.258305920503
183601 1862.41303738749
183701 1862.567768854477
183801 1862.722500321464
183901 1862.877231788451
184001 1863.031963255439
184101 1863.186694722426
184201 1863.341426189413
184301 1863.4961576564
184401 1863.650889123387
184501 1863.805620590374
184601 1863.960352057362
184701 1864.115083524349
184801 1864.269814991336
184901 1864.424546458323
185001 1864.57927792531
185101 1864.734009392298
185201 1864.888740859285
185301 1865.043472326272
185401 1865.198203793259
185501 1865.352935260246
185601 1865.507666727234
185701 1865.662398194221
185801 1865.817129661208
185901 1865.971861128195
186001 1866.126592595183
186101 1866.28132406217
186201 1866.436055529157
186301 1866.590786996144
186401 1866.745518463131
186501 1866.900249930118
186601 1867.054981397106
186701 1867.209712864093
186801 1867.36444433108
186901 1867.519175798067
187001 1867.673907265054
187101 1867.828638732042
187201 1867.983370199029
187301 1868.138101666016
187401 1868.292833133003
187501 1868.44756459999
187601 1868.602296066977
187701 1868.757027533965
187801 1868.911759000952
187901 1869.066490467939
188001 1869.221221934926
188101 1869.375953401913
188201 1869.530684868901
188301 1869.685416335888
188401 1869.840147802875
188501 1869.994879269862
188601 1870.149610736849
188701 1870.304342203837
188801 1870.459073670824
188901 1870.613805137811
189001 1870.768536604798
189101 1870.923268071786
189201 1871.077999538773
189301 1871.23273100576
189401 1871.387462472747
189501 1871.542193939734
189601 1871.696925406721
189701 1871.851656873709
189801 1872.006388340696
189901 1872.161119807683
190001 1872.31585127467
190101 1872.470582741657
190201 1872.625314208645
190301 1872.780045675632
190401 1872.934777142619
190501 1873.089508609606
190601 1873.244240076593
190701 1873.398971543581
190801 1873.553703010568
190901 1873.708434477555
191001 1873.863165944542
191101 1874.017897411529
191201 1874.172628878517
191301 1874.327360345504
191401 1874.482091812491
191501 1874.636823279478
191601 1874.791554746465
191701 1874.946286213453
191801 1875.10101768044
191901 1875.255749147427
192001 1875.410480614414
192101 1875.565212081401
192201 1875.719943548389
192301 1875.874675015376
192401 1876.029406482363
192501 1876.18413794935
192601 1876.338869416337
192701 1876.493600883324
192801 1876.648332350312
192901 1876.803063817299
193001 1876.957795284286
193101 1877.112526751273
193201 1877.26725821826
193301 1877.421989685248
193401 1877.576721152235
193501 1877.731452619222
193601 1877.886184086209
193701 1878.040915553196
193801 1878.195647020184
193901 1878.350378487171
194001 1878.505109954158
194101 1878.659841421145
194201 1878.814572888132
194301 1878.96930435512
194401 1879.124035822107
194501 1879.278767289094
194601 1879.433498756081
194701 1879.588230223068
194801 1879.742961690056
194901 1879.897693157043
195001 1880.05242462403
195101 1880.207156091017
195201 1880.361887558004
195301 1880.516619024992
195401 1880.671350491979
195501 1880.826081958966
195601 1880.980813425953
195701 1881.13554489294
195801 1881.290276359927
195901 1881.445007826915
196001 1881.599739293902
196101 1881.754470760889
196201 1881.909202227876
196301 1882.063933694863
196401 1882.218665161851
196501 1882.373396628838
196601 1882.528128095825
196701 1882.682859562812
196801 1882.8375910298
196901 1882.992322496787
197001 1883.147053963774
197101 1883.301785430761
197201 1883.456516897748
197301 1883.611248364736
197401 1883.765979831723
197501 1883.92071129871
197601 1884.075442765697
197701 1884.230174232684
197801 1884.384905699671
197901 1884.539637166659
198001 1884.694368633646
198101 1884.849100100633
198201 1885.00383156762
198301 1885.158563034607
198401 1885.313294501595
198501 1885.468025968582
198601 1885.622757435569
198701 1885.777488902556
198801 1885.932220369543
198901 1886.08695183653
199001 1886.241683303518
199101 1886.396414770505
199201 1886.551146237492
199301 1886.705877704479
199401 1886.860609171466
199501 1887.015340638454
199601 1887.170072105441
199701 1887.324803572428
199801 1887.479535039415
199901 1887.634266506403
200001 1887.78899797339
200101 1887.943729440377
200201 1888.098460907364
200301 1888.253192374351
200401 1888.407923841339
200501 1888.562655308326
200601 1888.717386775313
200701 1888.8721182423
200801 1889.026849709287
200901 1889.181581176274
201001 1889.336312643262
201101 1889.491044110249
201201 1889.645775577236
201301 1889.800507044223
201401 1889.95523851121
201501 1890.109969978198
201601 1890.264701445185
201701 1890.419432912172
201801 1890.574164379159
201901 1890.728895846146
202001 1890.883627313134
202101 1891.038358780121
202201 1891.193090247108
202301 1891.347821714095
202401 1891.502553181082
202501 1891.65728464807
202601 1891.812016115057
202701 1891.966747582044
202801 1892.121479049031
202901 1892.276210516018
203001 1892.430941983006
203101 1892.585673449993
203201 1892.74040491698
203301 1892.895136383967
203401 1893.049867850954
203501 1893.204599317942
203601 1893.359330784929
203701 1893.514062251916
203801 1893.668793718903
203901 1893.82352518589
204001 1893.978256652877
204101 1894.132988119865
204201 1894.287719586852
204301 1894.442451053839
204401 1894.597182520826
204501 1894.751913987813
204601 1894.906645454801
204701 1895.061376921788
204801 1895.216108388775
204901 1895.370839855762
205001 1895.52557132275
205101 1895.680302789737
205201 1895.835034256724
205301 1895.989765723711
205401 1896.144497190698
205501 1896.299228657685
205601 1896.453960124673
205701 1896.60869159166
205801 1896.763423058647
205901 1896.918154525634
206001 1897.072885992621
206101 1897.227617459609
206201 1897.382348926596
206301 1897.537080393583
206401 1897.69181186057
206501 1897.846543327557
206601 1898.001274794545
206701 1898.156006261532
206801 1898.310737728519
206901 1898.465469195506
207001 1898.620200662493
207101 1898.77493212948
207201 1898.929663596468
207301 1899.084395063455
207401 1899.239126530442
207501 1899.393857997429
207601 1899.548589464417
207701 1899.703320931404
207801 1899.858052398391
207901 1900.012783865378
208001 1900.167515332365
208101 1900.322246799353
208201 1900.47697826634
208301 1900.631709733327
208401 1900.786441200314
208501 1900.941172667301
208601 1901.095904134289
208701 1901.250635601276
208801 1901.405367068263
208901 1901.56009853525
209001 1901.714830002237
209101 1901.869561469224
209201 1902.024292936212
209301 1902.179024403199
209401 1902.333755870186
209501 1902.488487337173
209601 1902.64321880416
209701 1902.797950271148
209801 1902.952681738135
209901 1903.107413205122
210001 1903.262144672109
210101 1903.416876139097
210201 1903.571607606083
210301 1903.726339073071
210401 1903.881070540058
210501 1904.035802007045
210601 1904.190533474032
210701 1904.34526494102
210801 1904.499996408007
210901 1904.654727874994
211001 1904.809459341981
211101 1904.964190808968
211201 1905.118922275956
211301 1905.273653742943
211401 1905.42838520993
211501 1905.583116676917
211601 1905.737848143904
211701 1905.892579610892
211801 1906.047311077879
211901 1906.202042544866
212001 1906.356774011853
212101 1906.51150547884
212201 1906.666236945827
212301 1906.820968412815
212401 1906.975699879802
212501 1907.130431346789
212601 1907.285162813776
212701 1907.439894280763
212801 1907.594625747751
212901 1907.749357214738
213001 1907.904088681725
213101 1908.058820148712
213201 1908.2135516157
213301 1908.368283082687
213401 1908.523014549674
213501 1908.677746016661
213601 1908.832477483648
213701 1908.987208950635
213801 1909.141940417623
213901 1909.29667188461
214001 1909.451403351597
214101 1909.606134818584
214201 1909.760866285571
214301 1909.915597752559
214401 1910.070329219546
214501 1910.225060686533
214601 1910.37979215352
214701 1910.534523620507
214801 1910.689255087495
214901 1910.843986554482
215001 1910.998718021469
215101 1911.153449488456
215201 1911.308180955443
215301 1911.46291242243
215401 1911.617643889418
215501 1911.772375356405
215601 1911.927106823392
215701 1912.081838290379
215801 1912.236569757366
215901 1912.391301224354
216001 1912.546032691341
216101 1912.700764158328
216201 1912.855495625315
216301 1913.010227092303
216401 1913.16495855929
216501 1913.319690026277
216601 1913.474421493264
216701 1913.629152960251
216801 1913.783884427238
216901 1913.938615894226
217001 1914.093347361213
217101 1914.2480788282
217201 1914.402810295187
217301 1914.557541762174
217401 1914.712273229162
217501 1914.867004696149
217601 1915.021736163136
217701 1915.176467630123
217801 1915.33119909711
217901 1915.485930564098
218001 1915.640662031085
218101 1915.795393498072
218201 1915.950124965059
218301 1916.104856432046
218401 1916.259587899034
218501 1916.414319366021
218601 1916.569050833008
218701 1916.723782299995
218801 1916.878513766982
218901 1917.03324523397
219001 1917.187976700957
219101 1917.342708167944
219201 1917.497439634931
219301 1917.652171101918
219401 1917.806902568906
219501 1917.961634035893
219601 1918.11636550288
219701 1918.271096969867
219801 1918.425828436854
219901 1918.580559903842
220001 1918.735291370829
220101 1918.890022837816
220201 1919.044754304803
220301 1919.19948577179
220401 1919.354217238777
220501 1919.508948705765
220601 1919.663680172752
220701 1919.818411639739
220801 1919.973143106726
220901 1920.127874573713
221001 1920.282606040701
221101 1920.437337507688
221201 1920.592068974675
221301 1920.746800441662
221401 1920.90153190865
221501 1921.056263375637
221601 1921.210994842624
221701 1921.365726309611
221801 1921.520457776598
221901 1921.675189243585
222001 1921.829920710573
222101 1921.98465217756
222201 1922.139383644547
222301 1922.294115111534
222401 1922.448846578521
222501 1922.603578045509
222601 1922.758309512496
222701 1922.913040979483
222801 1923.06777244647
222901 1923.222503913457
223001 1923.377235380445
223101 1923.531966847432
223201 1923.686698314419
223301 1923.841429781406
223401 1923.996161248393
223501 1924.15089271538
223601 1924.305624182368
223701 1924.460355649355
223801 1924.615087116342
223901 1924.769818583329
224001 1924.924550050317
224101 1925.079281517304
224201 1925.234012984291
224301 1925.388744451278
224401 1925.543475918265
224501 1925.698207385253
224601 1925.85293885224
224701 1926.007670319227
224801 1926.162401786214
224901 1926.317133253201
225001 1926.471864720188
225101 1926.626596187176
225201 1926.781327654163
225301 1926.93605912115
225401 1927.090790588137
225501 1927.245522055124
225601 1927.400253522112
225701 1927.554984989099
225801 1927.709716456086
225901 1927.864447923073
226001 1928.01917939006
226101 1928.173910857048
226201 1928.328642324035
226301 1928.483373791022
226401 1928.638105258009
226501 1928.792836724997
226601 1928.947568191983
226701 1929.102299658971
226801 1929.257031125958
226901 1929.411762592945
227001 1929.566494059932
227101 1929.72122552692
227201 1929.875956993907
227301 1930.030688460894
227401 1930.185419927881
227501 1930.340151394868
227601 1930.494882861856
227701 1930.649614328843
227801 1930.80434579583
227901 1930.959077262817
228001 1931.113808729804
228101 1931.268540196791
228201 1931.423271663779
228301 1931.578003130766
228401 1931.732734597753
228501 1931.88746606474
228601 1932.042197531727
228701 1932.196928998715
228801 1932.351660465702
228901 1932.506391932689
229001 1932.661123399676
229101 1932.815854866663
229201 1932.970586333651
229301 1933.125317800638
229401 1933.280049267625
229501 1933.434780734612
229601 1933.5895122016
229701 1933.744243668587
229801 1933.898975135574
229901 1934.053706602561
230001 1934.208438069548
230101 1934.363169536535
230201 1934.517901003523
230301 1934.67263247051
230401 1934.827363937497
230501 1934.982095404484
230601 1935.136826871471
230701 1935.291558338459
230801 1935.446289805446
230901 1935.601021272433
231001 1935.75575273942
231101 1935.910484206407
231201 1936.065215673395
231301 1936.219947140382
231401 1936.374678607369
231501 1936.529410074356
231601 1936.684141541343
231701 1936.83887300833
231801 1936.993604475318
231901 1937.148335942305
232001 1937.303067409292
232101 1937.457798876279
232201 1937.612530343267
232301 1937.767261810254
232401 1937.921993277241
232501 1938.076724744228
232601 1938.231456211215
232701 1938.386187678203
232801 1938.54091914519
232901 1938.695650612177
233001 1938.850382079164
233101 1939.005113546151
233201 1939.159845013138
233301 1939.314576480126
233401 1939.469307947113
233501 1939.6240394141
233601 1939.778770881087
233701 1939.933502348074
233801 1940.088233815062
233901 1940.242965282049
234001 1940.397696749036
234101 1940.552428216023
234201 1940.70715968301
234301 1940.861891149998
234401 1941.016622616985
234501 1941.171354083972
234601 1941.326085550959
234701 1941.480817017946
234801 1941.635548484934
234901 1941.790279951921
235001 1941.945011418908
235101 1942.099742885895
235201 1942.254474352882
235301 1942.40920581987
235401 1942.563937286857
235501 1942.718668753844
235601 1942.873400220831
235701 1943.028131687818
235801 1943.182863154806
235901 1943.337594621793
236001 1943.49232608878
236101 1943.647057555767
236201 1943.801789022754
236301 1943.956520489741
236401 1944.111251956729
236501 1944.265983423716
236601 1944.420714890703
236701 1944.57544635769
236801 1944.730177824677
236901 1944.884909291665
237001 1945.039640758652
237101 1945.194372225639
237201 1945.349103692626
237301 1945.503835159614
237401 1945.658566626601
237501 1945.813298093588
237601 1945.968029560575
237701 1946.122761027562
237801 1946.27749249455
237901 1946.432223961537
238001 1946.586955428524
238101 1946.741686895511
238201 1946.896418362498
238301 1947.051149829485
238401 1947.205881296473
238501 1947.36061276346
238601 1947.515344230447
238701 1947.670075697434
238801 1947.824807164421
238901 1947.979538631409
239001 1948.134270098396
239101 1948.289001565383
239201 1948.44373303237
239301 1948.598464499357
239401 1948.753195966344
239501 1948.907927433332
239601 1949.062658900319
239701 1949.217390367306
239801 1949.372121834293
239901 1949.52685330128
240001 1949.681584768268
240101 1949.836316235255
240201 1949.991047702242
240301 1950.145779169229
240401 1950.300510636217
240501 1950.455242103204
240601 1950.609973570191
240701 1950.764705037178
240801 1950.919436504165
240901 1951.074167971153
241001 1951.22889943814
241101 1951.383630905127
241201 1951.538362372114
241301 1951.693093839101
241401 1951.847825306088
241501 1952.002556773076
241601 1952.157288240063
241701 1952.31201970705
241801 1952.466751174037
241901 1952.621482641024
242001 1952.776214108012
242101 1952.930945574999
242201 1953.085677041986
242301 1953.240408508973
242401 1953.39513997596
242501 1953.549871442948
242601 1953.704602909935
242701 1953.859334376922
242801 1954.014065843909
242901 1954.168797310896
243001 1954.323528777883
243101 1954.478260244871
243201 1954.632991711858
243301 1954.787723178845
243401 1954.942454645832
243501 1955.09718611282
243601 1955.251917579807
243701 1955.406649046794
243801 1955.561380513781
243901 1955.716111980768
244001 1955.870843447756
244101 1956.025574914743
244201 1956.18030638173
244301 1956.335037848717
244401 1956.489769315704
244501 1956.644500782691
244601 1956.799232249679
244701 1956.953963716666
244801 1957.108695183653
244901 1957.26342665064
245001 1957.418158117627
245101 1957.572889584615
245201 1957.727621051602
245301 1957.882352518589
245401 1958.037083985576
245501 1958.191815452563
245601 1958.346546919551
245701 1958.501278386538
245801 1958.656009853525
245901 1958.810741320512
246001 1958.965472787499
246101 1959.120204254487
246201 1959.274935721474
246301 1959.429667188461
246401 1959.584398655448
246501 1959.739130122435
246601 1959.893861589423
246701 1960.04859305641
246801 1960.203324523397
246901 1960.358055990384
247001 1960.512787457371
247101 1960.667518924359
247201 1960.822250391346
247301 1960.976981858333
247401 1961.13171332532
247501 1961.286444792307
247601 1961.441176259294
247701 1961.595907726282
247801 1961.750639193269
247901 1961.905370660256
248001 1962.060102127243
248101 1962.21483359423
248201 1962.369565061218
248301 1962.524296528205
248401 1962.679027995192
248501 1962.833759462179
248601 1962.988490929167
248701 1963.143222396154
248801 1963.297953863141
248901 1963.452685330128
249001 1963.607416797115
249101 1963.762148264103
249201 1963.91687973109
249301 1964.071611198077
249401 1964.226342665064
249501 1964.381074132051
249601 1964.535805599038
249701 1964.690537066026
249801 1964.845268533013
249901 1965.0