1 283.5407568235656
101 286.8435473641647
201 290.1406161495354
301 293.4319700612113
401 296.7176159759797
501 299.9975607658833
601 303.2718112982216
701 306.5403744355513
801 309.8032570356885
901 313.0604659517095
1001 316.312008031952
1101 319.5578901200164
1201 322.7981190547671
1301 326.0327016703337
1401 329.2616447961123
1501 332.4849552567664
1601 335.7026398722288
1701 338.9147054577021
1801 342.1211588236606
1901 345.3220067758509
2001 348.5172561152937
2101 351.7069136382848
2201 354.8909861363965
2301 358.0694803964781
2401 361.2424032006584
2501 364.4097613263459
2601 367.5715615462304
2701 370.7278106282845
2801 373.8785153357644
2901 377.0236824272113
3001 380.1633186564527
3101 383.2974307726036
3201 386.4260255200678
3301 389.5491096385391
3401 392.6666898630023
3501 395.7787729237349
3601 398.8853655463081
3701 401.9864744515878
3801 405.0821063557363
3901 408.1722679702132
4001 411.256966001777
4101 414.3362071524856
4201 417.4099981196986
4301 420.4783455960776
4401 423.5412562695879
4501 426.5987368234997
4601 429.6507939363893
4701 432.6974342821404
4801 435.7386645299449
4901 438.7744913443051
5001 441.8049213850338
5101 444.8299613072564
5201 447.8496177614118
5301 450.8638973932536
5401 453.8728068438514
5501 456.8763527495921
5601 459.8745417421811
5701 462.8673804486434
5801 465.8548754913251
5901 468.8370334878944
6001 471.813861051343
6101 474.7853647899874
6201 477.7515513074698
6301 480.7124272027597
6401 483.6679990701549
6501 486.618273499283
6601 489.5632570751023
6701 492.5029563779034
6801 495.4373779833101
6901 498.3665284622807
7001 501.2904143811098
7101 504.2090423014286
7201 507.1224187802068
7301 510.0305503697535
7401 512.933443617719
7501 515.8311050670952
7601 518.7235412562176
7701 521.6107587187657
7801 524.4927639837655
7901 527.3695635755894
8001 530.2411640139582
8101 533.1075718139422
8201 535.9687934859624
8301 538.8248355357919
8401 541.6757044645565
8501 544.521406768737
8601 547.3619489401699
8701 550.1973374660477
8801 553.0275788289221
8901 555.8526795067037
9001 558.6726459726638
9101 561.4874846954353
9201 564.2972021390148
9301 567.1018047627626
9401 569.9012990214051
9501 572.6956913650351
9601 575.4849882391138
9701 578.2691960844713
9801 581.0483213373088
9901 583.8223704291988
10001 586.5913497870871
10101 589.3552658332935
10201 592.1141249855134
10301 594.8679336568189
10401 597.6166982556604
10501 600.3604251858671
10601 603.0991208466488
10701 605.832791632597
10801 608.5614439336862
10901 611.2850841352747
11001 614.0037186181069
11101 616.7173537583133
11201 619.4259959274123
11301 622.1296514923118
11401 624.8283268153098
11501 627.5220282540956
11601 630.2107621617522
11701 632.894534886756
11801 635.5733527729786
11901 638.2472221596888
12001 640.9161493815528
12101 643.5801407686359
12201 646.2392026464037
12301 648.8933413357231
12401 651.5425631528644
12501 654.1868744095011
12601 656.8262814127124
12701 659.460790464984
12801 662.090407864209
12901 664.7151399036899
13001 667.334992872139
13101 669.9499730536802
13201 672.5600867278501
13301 675.1653401695994
13401 677.7657396492934
13501 680.3612914327143
13601 682.9520017810617
13701 685.5378769509542
13801 688.1189231944304
13901 690.6951467589504
14001 693.2665538873966
14101 695.8331508180755
14201 698.3949437847187
14301 700.951939016484
14401 703.5041427379563
14501 706.0515611691503
14601 708.5942005255099
14701 711.1320670179105
14801 713.66516685266
14901 716.1935062315001
15001 718.7170913516076
15101 721.2359284055951
15201 723.7500235815132
15301 726.2593830628507
15401 728.7640130285366
15501 731.2639196529412
15601 733.7591091058769
15701 736.2495875526001
15801 738.7353611538119
15901 741.2164360656594
16001 743.6928184397374
16101 746.164514423089
16201 748.6315301582076
16301 751.0938717830371
16401 753.5515454309742
16501 756.0045572308691
16601 758.4529133070264
16701 760.8966197792074
16801 763.3356827626301
16901 765.7701083679716
17001 768.1999027013683
17101 770.6250718644177
17201 773.0456219541798
17301 775.4615590631777
17401 777.8728892793996
17501 780.2796186862995
17601 782.6817533627984
17701 785.0792993832863
17801 787.4722628176223
17901 789.8606497311368
18001 792.2444661846322
18101 794.6237182343841
18201 796.9984119321434
18301 799.3685533251361
18401 801.7341484560658
18501 804.0952033631143
18601 806.4517240799429
18701 808.8037166356942
18801 811.1511870549922
18901 813.494141357945
19001 815.8325855601441
19101 818.1665256726683
19201 820.4959677020822
19301 822.8209176504392
19401 825.1413815152822
19501 827.4573652896448
19601 829.7688749620526
19701 832.0759165165241
19801 834.3784959325731
19901 836.6766191852082
20001 838.9702922449355
20101 841.2595210777591
20201 843.5443116451827
20301 845.8246699042102
20401 848.1006018073481
20501 850.3721133026054
20601 852.639210333496
20701 854.9018988390391
20801 857.1601847537606
20901 859.4140740076953
21001 861.6635725263864
21101 863.9086862308882
21201 866.1494210377666
21301 868.3857828591009
21401 870.6177776024842
21501 872.8454111710257
21601 875.0686894633509
21701 877.2876183736036
21801 879.5022037914466
21901 881.7124516020635
22001 883.9183676861595
22101 886.1199579199626
22201 888.3172281752254
22301 890.5101843192257
22401 892.698832214768
22501 894.8831777201847
22601 897.0632266893374
22701 899.2389849716184
22801 901.4104584119513
22901 903.5776528507924
23001 905.7405741241329
23101 907.8992280634985
23201 910.0536204959521
23301 912.2037572440943
23401 914.3496441260645
23501 916.4912869555428
23601 918.6286915417509
23701 920.7618636894526
23801 922.8908091989568
23901 925.015533866117
24001 927.1360434823333
24101 929.2523438345537
24201 931.3644407052752
24301 933.4723398725449
24401 935.5760471099615
24501 937.6755681866763
24601 939.7709088673946
24701 941.8620749123772
24801 943.949072077441
24901 946.0319061139604
25001 948.1105827688693
25101 950.1851077846612
25201 952.2554868993914
25301 954.3217258466774
25401 956.3838303557011
25501 958.441806151209
25601 960.4956589535145
25701 962.5453944784979
25801 964.5910184376091
25901 966.6325365378674
26001 968.6699544818639
26101 970.7032779677619
26201 972.7325126892986
26301 974.7576643357864
26401 976.7787385921138
26501 978.7957411387466
26601 980.80867765173
26701 982.8175538026885
26801 984.8223752588282
26901 986.8231476829372
27001 988.8198767333882
27101 990.812568064138
27201 992.8012273247297
27301 994.7858601602944
27401 996.7664722115511
27501 998.7430691148093
27601 1000.715656501969
27701 1002.684240000524
27801 1004.648825233559
27901 1006.609417819757
28001 1008.566023373395
28101 1010.518647504346
28201 1012.467295818085
28301 1014.411973915685
28401 1016.352687393819
28501 1018.289441844764
28601 1020.222242856401
28701 1022.151096012213
28801 1024.076006891292
28901 1025.996981068335
29001 1027.914024113649
29101 1029.82714159315
29201 1031.736339068366
29301 1033.641622096435
29401 1035.542996230111
29501 1037.440467017761
29601 1039.334040003368
29701 1041.223720726533
29801 1043.109514722475
29901 1044.991427522033
30001 1046.869464651666
30101 1048.743631633455
30201 1050.613933985107
30301 1052.48037721995
30401 1054.34296684694
30501 1056.20170837066
30601 1058.056607291319
30701 1059.90766910476
30801 1061.754899302452
30901 1063.598303371499
31001 1065.437886794638
31101 1067.27365505024
31201 1069.105613612311
31301 1070.933767950495
31401 1072.758123530075
31501 1074.578685811971
31601 1076.395460252746
31701 1078.208452304605
31801 1080.017667415393
31901 1081.823111028604
32001 1083.624788583375
32101 1085.422705514489
32201 1087.21686725238
32301 1089.007279223129
32401 1090.793946848469
32501 1092.576875545784
32601 1094.356070728112
32701 1096.131537804145
32801 1097.903282178229
32901 1099.671309250369
33001 1101.435624416229
33101 1103.196233067128
33201 1104.953140590049
33301 1106.706352367636
33401 1108.455873778197
33501 1110.201710195701
33601 1111.943866989787
33701 1113.682349525757
33801 1115.417163164583
33901 1117.148313262905
34001 1118.875805173035
34101 1120.599644242955
34201 1122.31983581632
34301 1124.036385232462
34401 1125.749297826385
34501 1127.458578928771
34601 1129.16423386598
34701 1130.866267960052
34801 1132.564686528704
34901 1134.259494885338
35001 1135.950698339039
35101 1137.638302194574
35201 1139.322311752396
35301 1141.002732308645
35401 1142.679569155148
35501 1144.352827579423
35601 1146.022512864675
35701 1147.688630289805
35801 1149.351185129402
35901 1151.010182653752
36001 1152.665628128836
36101 1154.31752681633
36201 1155.965883973609
36301 1157.610704853747
36401 1159.251994705518
36501 1160.889758773396
36601 1162.52400229756
36701 1164.154730513892
36801 1165.781948653978
36901 1167.405661945113
37001 1169.025875610296
37101 1170.642594868239
37201 1172.25582493336
37301 1173.865571015793
37401 1175.471838321379
37501 1177.074632051678
37601 1178.673957403962
37701 1180.269819571221
37801 1181.86222374216
37901 1183.451175101206
38001 1185.036678828505
38101 1186.618740099922
38201 1188.197364087048
38301 1189.772555957196
38401 1191.344320873403
38501 1192.912663994434
38601 1194.477590474781
38701 1196.039105464664
38801 1197.597214110033
38901 1199.151921552571
39001 1200.703232929691
39101 1202.251153374541
39201 1203.795688016003
39301 1205.336841978697
39401 1206.874620382978
39501 1208.409028344941
39601 1209.940070976421
39701 1211.467753384993
39801 1212.992080673976
39901 1214.51305794243
40001 1216.030690285163
40101 1217.544982792727
40201 1219.055940551422
40301 1220.563568643295
40401 1222.067872146146
40501 1223.568856133522
40601 1225.066525674726
40701 1226.560885834813
40801 1228.051941674591
40901 1229.539698250626
41001 1231.024160615241
41101 1232.505333816518
41201 1233.983222898297
41301 1235.45783290018
41401 1236.929168857531
41501 1238.397235801477
41601 1239.862038758911
41701 1241.32358275249
41801 1242.781872800638
41901 1244.236913917551
42001 1245.68871111319
42101 1247.137269393289
42201 1248.582593759356
42301 1250.024689208667
42401 1251.463560734278
42501 1252.899213325019
42601 1254.331651965494
42701 1255.76088163609
42801 1257.186907312971
42901 1258.609733968083
43001 1260.029366569151
43101 1261.445810079688
43201 1262.859069458987
43301 1264.269149662129
43401 1265.676055639982
43501 1267.079792339202
43601 1268.480364702233
43701 1269.877777667312
43801 1271.272036168466
43901 1272.663145135517
44001 1274.051109494078
44101 1275.435934165563
44201 1276.817624067178
44301 1278.196184111928
44401 1279.571619208621
44501 1280.943934261861
44601 1282.313134172055
44701 1283.679223835416
44801 1285.042208143956
44901 1286.402091985498
45001 1287.758880243669
45101 1289.112577797904
45201 1290.463189523447
45301 1291.810720291354
45401 1293.155174968492
45501 1294.49655841754
45601 1295.834875496993
45701 1297.17013106116
45801 1298.502329960167
45901 1299.831477039959
46001 1301.157577142298
46101 1302.480635104769
46201 1303.800655760777
46301 1305.11764393955
46401 1306.431604466142
46501 1307.742542161428
46601 1309.050461842115
46701 1310.355368320734
46801 1311.657266405646
46901 1312.956160901044
47001 1314.25205660695
47101 1315.544958319221
47201 1316.834870829547
47301 1318.121798925452
47401 1319.4057473903
47501 1320.68672100329
47601 1321.96472453946
47701 1323.23976276969
47801 1324.511840460699
47901 1325.780962375051
48001 1327.047133271154
48101 1328.310357903259
48201 1329.570641021465
48301 1330.827987371719
48401 1332.082401695815
48501 1333.333888731401
48601 1334.582453211971
48701 1335.828099866877
48801 1337.070833421321
48901 1338.310658596361
49001 1339.547580108914
49101 1340.781602671751
49201 1342.012730993504
49301 1343.240969778664
49401 1344.466323727583
49501 1345.688797536478
49601 1346.908395897427
49701 1348.125123498374
49801 1349.338985023129
49901 1350.549985151371
50001 1351.758128558646
50101 1352.963419916371
50201 1354.165863891833
50301 1355.365465148192
50401 1356.562228344485
50501 1357.756158135617
50601 1358.947259172375
50701 1360.135536101422
50801 1361.320993565299
50901 1362.503636202426
51001 1363.683468647107
51101 1364.860495529525
51201 1366.034721475749
51301 1367.206151107733
51401 1368.374789043314
51501 1369.540639896221
51601 1370.703708276068
51701 1371.86399878836
51801 1373.021516034493
51901 1374.176264611756
52001 1375.32824911333
52101 1376.477474128291
52201 1377.623944241614
52301 1378.767664034167
52401 1379.908638082718
52501 1381.046870959937
52601 1382.182367234392
52701 1383.315131470554
52801 1384.445168228799
52901 1385.572482065405
53001 1386.697077532558
53101 1387.81895917835
53201 1388.938131546783
53301 1390.054599177767
53401 1391.168366607124
53501 1392.279438366586
53601 1393.387818983802
53701 1394.493512982333
53801 1395.596524881656
53901 1396.696859197166
54001 1397.794520440175
54101 1398.889513117916
54201 1399.981841733542
54301 1401.071510786128
54401 1402.158524770673
54501 1403.2428881781
54601 1404.324605495258
54701 1405.403681204922
54801 1406.480119785796
54901 1407.553925712515
55001 1408.625103455642
55101 1409.693657481673
55201 1410.759592253037
55301 1411.8229122281
55401 1412.883621861159
55501 1413.941725602451
55601 1414.997227898151
55701 1416.050133190373
55801 1417.100445917172
55901 1418.148170512543
56001 1419.193311406426
56101 1420.235873024706
56201 1421.275859789212
56301 1422.313276117718
56401 1423.348126423952
56501 1424.380415117586
56601 1425.410146604244
56701 1426.437325285502
56801 1427.461955558889
56901 1428.484041817888
57001 1429.503588451939
57101 1430.520599846437
57201 1431.535080382735
57301 1432.547034438146
57401 1433.556466385943
57501 1434.563380595361
57601 1435.567781431598
57701 1436.569673255816
57801 1437.569060425142
57901 1438.565947292671
58001 1439.560338207464
58101 1440.552237514553
58201 1441.541649554938
58301 1442.528578665594
58401 1443.513029179465
58501 1444.495005425473
58601 1445.474511728512
58701 1446.451552409454
58801 1447.426131785149
58901 1448.398254168426
59001 1449.367923868094
59101 1450.335145188943
59201 1451.299922431748
59301 1452.262259893265
59401 1453.222161866237
59501 1454.179632639392
59601 1455.134676497449
59701 1456.087297721112
59801 1457.037500587079
59901 1457.985289368035
60001 1458.930668332662
60101 1459.873641745633
60201 1460.814213867618
60301 1461.752388955281
60401 1462.688171261288
60501 1463.621565034299
60601 1464.552574518977
60701 1465.481203955985
60801 1466.40745758199
60901 1467.331339629661
61001 1468.252854327675
61101 1469.172005900712
61201 1470.088798569461
61301 1471.00323655062
61401 1471.915324056897
61501 1472.825065297011
61601 1473.732464475694
61701 1474.63752579369
61801 1475.54025344776
61901 1476.440651630682
62001 1477.338724531248
62101 1478.234476334272
62201 1479.127911220586
62301 1480.019033367044
62401 1480.907846946523
62501 1481.794356127922
62601 1482.678565076166
62701 1483.560477952207
62801 1484.440098913022
62901 1485.317432111619
63001 1486.192481697035
63101 1487.065251814337
63201 1487.935746604627
63301 1488.803970205037
63401 1489.669926748737
63501 1490.533620364931
63601 1491.395055178861
63701 1492.254235311809
63801 1493.111164881094
63901 1493.965848000078
64001 1494.818288778165
64101 1495.668491320801
64201 1496.516459729479
64301 1497.362198101736
64401 1498.205710531158
64501 1499.047001107378
64601 1499.886073916079
64701 1500.722933038996
64801 1501.557582553914
64901 1502.390026534675
65001 1503.220269051171
65101 1504.048314169353
65201 1504.874165951229
65301 1505.697828454864
65401 1506.519305734384
65501 1507.338601839975
65601 1508.155720817886
65701 1508.970666710427
65801 1509.783443555975
65901 1510.594055388972
66001 1511.402506239928
66101 1512.208800135419
66201 1513.012941098092
66301 1513.814933146665
66401 1514.614780295928
66501 1515.412486556742
66601 1516.208055936047
66701 1517.001492436854
66801 1517.792800058254
66901 1518.581982795414
67001 1519.369044639583
67101 1520.153989578089
67201 1520.936821594341
67301 1521.717544667834
67401 1522.496162774145
67501 1523.272679884937
67601 1524.047099967961
67701 1524.819426987055
67801 1525.589664902147
67901 1526.357817669255
68001 1527.123889240489
68101 1527.887883564052
68201 1528.649804584243
68301 1529.409656241452
68401 1530.167442472173
68501 1530.92316720899
68601 1531.676834380592
68701 1532.428447911768
68801 1533.178011723404
68901 1533.925529732495
69001 1534.671005852137
69101 1535.414443991531
69201 1536.155848055987
69301 1536.895221946921
69401 1537.632569561859
69501 1538.367894794438
69601 1539.101201534404
69701 1539.83249366762
69801 1540.56177507606
69901 1541.289049637815
70001 1542.01432122709
70101 1542.737593714212
70201 1543.458870965625
70301 1544.178156843891
70401 1544.895455207698
70501 1545.610769911854
70601 1546.324104807291
70701 1547.035463741067
70801 1547.744850556368
70901 1548.452269092505
71001 1549.157723184919
71101 1549.861216665183
71201 1550.562753360998
71301 1551.262337096202
71401 1551.959971690762
71501 1552.655660960786
71601 1553.349408718513
71701 1554.041218772322
71801 1554.731094926733
71901 1555.419040982403
72001 1556.10506073613
72101 1556.789157980859
72201 1557.471336505675
72301 1558.151600095807
72401 1558.829952532636
72501 1559.506397593685
72601 1560.180939052628
72701 1560.853580679289
72801 1561.524326239645
72901 1562.193179495822
73001 1562.860144206103
73101 1563.525224124924
73201 1564.188423002878
73301 1564.849744586716
73401 1565.509192619346
73501 1566.16677083984
73601 1566.822482983425
73701 1567.476332781497
73801 1568.128323961611
73901 1568.778460247489
74001 1569.42674535902
74101 1570.073183012257
74201 1570.717776919425
74301 1571.360530788918
74401 1572.001448325301
74501 1572.640533229312
74601 1573.27778919786
74701 1573.913219924033
74801 1574.546829097091
74901 1575.178620402475
75001 1575.808597521801
75101 1576.436764132869
75201 1577.063123909656
75301 1577.687680522324
75401 1578.310437637218
75501 1578.931398916865
75601 1579.550568019983
75701 1580.167948601473
75801 1580.783544312427
75901 1581.397358800126
76001 1582.009395708041
76101 1582.619658675836
76201 1583.22815133937
76301 1583.834877330695
76401 1584.439840278057
76501 1585.043043805903
76601 1585.644491534877
76701 1586.244187081821
76801 1586.842134059781
76901 1587.438336078001
77001 1588.032796741933
77101 1588.625519653232
77201 1589.216508409755
77301 1589.805766605572
77401 1590.393297830958
77501 1590.979105672397
77601 1591.563193712587
77701 1592.145565530434
77801 1592.726224701061
77901 1593.305174795803
78001 1593.882419382212
78101 1594.457962024057
78201 1595.031806281323
78301 1595.603955710218
78401 1596.174413863169
78501 1596.743184288825
78601 1597.310270532057
78701 1597.875676133962
78801 1598.439404631864
78901 1599.001459559311
79001 1599.56184444608
79101 1600.120562818178
79201 1600.677618197843
79301 1601.233014103544
79401 1601.786754049983
79501 1602.338841548098
79601 1602.889280105059
79701 1603.438073224278
79801 1603.9852244054
79901 1604.530737144312
80001 1605.074614933143
80101 1605.616861260259
80201 1606.157479610274
80301 1606.696473464044
80401 1607.23384629867
80501 1607.769601587499
80601 1608.303742800131
80701 1608.836273402409
80801 1609.367196856429
80901 1609.896516620541
81001 1610.424236149343
81101 1610.950358893692
81201 1611.474888300698
81301 1611.997827813728
81401 1612.519180872405
81501 1613.038950912616
81601 1613.557141366503
81701 1614.073755662474
81801 1614.588797225196
81901 1615.102269475604
82001 1615.614175830895
82101 1616.124519704534
82201 1616.633304506253
82301 1617.140533642056
82401 1617.646210514213
82501 1618.150338521269
82601 1618.652921058039
82701 1619.153961515614
82801 1619.653463281361
82901 1620.151429738919
83001 1620.647864268211
83101 1621.142770245434
83201 1621.636151043067
83301 1622.128010029872
83401 1622.61835057089
83501 1623.107176027449
83601 1623.594489757163
83701 1624.080295113928
83801 1624.564595447931
83901 1625.047394105648
84001 1625.528694429843
84101 1626.008499759574
84201 1626.486813430189
84301 1626.963638773333
84401 1627.438979116942
84501 1627.912837785252
84601 1628.385218098793
84701 1628.856123374399
84801 1629.325556925198
84901 1629.793522060624
85001 1630.260022086411
85101 1630.725060304596
85201 1631.188640013525
85301 1631.650764507846
85401 1632.111437078518
85501 1632.570661012804
85601 1633.028439594281
85701 1633.484776102836
85801 1633.939673814669
85901 1634.393136002293
86001 1634.845165934535
86101 1635.29576687654
86201 1635.744942089769
86301 1636.192694832002
86401 1636.63902835734
86501 1637.083945916203
86601 1637.527450755335
86701 1637.969546117803
86801 1638.410235242999
86901 1638.849521366641
87001 1639.287407720773
87101 1639.723897533771
87201 1640.158994030336
87301 1640.592700431504
87401 1641.025019954642
87501 1641.45595581345
87601 1641.885511217963
87701 1642.313689374552
87801 1642.740493485925
87901 1643.165926751129
88001 1643.58999236555
88101 1644.012693520916
88201 1644.434033405297
88301 1644.854015203105
88401 1645.272642095097
88501 1645.689917258378
88601 1646.105843866397
88701 1646.520425088954
88801 1646.933664092197
88901 1647.345564038626
89001 1647.756128087092
89101 1648.165359392801
89201 1648.57326110731
89301 1648.979836378537
89401 1649.385088350753
89501 1649.789020164587
89601 1650.191634957032
89701 1650.592935861438
89801 1650.992926007516
89901 1651.391608521343
90001 1651.788986525361
90101 1652.185063138374
90201 1652.579841475556
90301 1652.97332464845
90401 1653.365515764965
90501 1653.756417929384
90601 1654.146034242359
90701 1654.534367800918
90801 1654.921421698461
90901 1655.307199024764
91001 1655.691702865983
91101 1656.074936304647
91201 1656.456902419669
91301 1656.837604286339
91401 1657.217044976332
91501 1657.595227557703
91601 1657.972155094894
91701 1658.34783064873
91801 1658.722257276426
91901 1659.095438031582
92001 1659.467375964188
92101 1659.838074120627
92201 1660.207535543669
92301 1660.57576327248
92401 1660.942760342623
92501 1661.30852978605
92601 1661.673074631114
92701 1662.036397902566
92801 1662.398502621554
92901 1662.759391805629
93001 1663.119068468741
93101 1663.477535621244
93201 1663.834796269898
93301 1664.190853417865
93401 1664.545710064716
93501 1664.899369206429
93601 1665.251833835392
93701 1665.603106940401
93801 1665.953191506667
93901 1666.302090515811
94001 1666.64980694587
94101 1666.996343771294
94201 1667.341703962952
94301 1667.685890488128
94401 1668.028906310529
94501 1668.370754390279
94601 1668.711437683924
94701 1669.050959144433
94801 1669.389321721199
94901 1669.726528360042
95001 1670.062582003205
95101 1670.397485589362
95201 1670.731242053612
95301 1671.063854327489
95401 1671.395325338954
95501 1671.725658012404
95601 1672.054855268669
95701 1672.382920025012
95801 1672.709855195134
95901 1673.035663689175
96001 1673.360348413711
96101 1673.683912271761
96201 1674.006358162781
96301 1674.327688982676
96401 1674.647907623789
96501 1674.967016974911
96601 1675.285019921278
96701 1675.601919344574
96801 1675.917718122932
96901 1676.232419130934
97001 1676.546025239616
97101 1676.858539316463
97201 1677.169964225414
97301 1677.480302826867
97401 1677.789557977671
97501 1678.097732531136
97601 1678.404829337028
97701 1678.710851241576
97801 1679.015801087468
97901 1679.319681713854
98001 1679.62249595635
98101 1679.924246647034
98201 1680.224936614452
98301 1680.524568683617
98401 1680.82314567601
98501 1681.120670409583
98601 1681.417145698757
98701 1681.712574354428
98801 1682.006959183963
98901 1682.300302991206
99001 1682.592608576475
99101 1682.883878736566
99201 1683.174116264755
99301 1683.463323950795
99401 1683.751504580922
99501 1684.038660937855
99601 1684.324795800793
99701 1684.609911945423
99801 1684.894012143916
99901 1685.177099164931
100001 1685.177099164931
100101 1685.293725516389
100201 1685.410351867847
100301 1685.526978219305
100401 1685.643604570762
100501 1685.76023092222
100601 1685.876857273678
100701 1685.993483625135
100801 1686.110109976593
100901 1686.22673632805
101001 1686.343362679508
101101 1686.459989030966
101201 1686.576615382424
101301 1686.693241733881
101401 1686.809868085339
101501 1686.926494436797
101601 1687.043120788254
101701 1687.159747139712
101801 1687.27637349117
101901 1687.392999842627
102001 1687.509626194085
102101 1687.626252545543
102201 1687.742878897001
102301 1687.859505248458
102401 1687.976131599916
102501 1688.092757951373
102601 1688.209384302831
102701 1688.326010654289
102801 1688.442637005747
102901 1688.559263357204
103001 1688.675889708662
103101 1688.79251606012
103201 1688.909142411577
103301 1689.025768763035
103401 1689.142395114493
103501 1689.25902146595
103601 1689.375647817408
103701 1689.492274168866
103801 1689.608900520323
103901 1689.725526871781
104001 1689.842153223239
104101 1689.958779574697
104201 1690.075405926154
104301 1690.192032277612
104401 1690.308658629069
104501 1690.425284980527
104601 1690.541911331985
104701 1690.658537683443
104801 1690.7751640349
104901 1690.891790386358
105001 1691.008416737816
105101 1691.125043089273
105201 1691.241669440731
105301 1691.358295792189
105401 1691.474922143646
105501 1691.591548495104
105601 1691.708174846562
105701 1691.824801198019
105801 1691.941427549477
105901 1692.058053900935
106001 1692.174680252392
106101 1692.29130660385
106201 1692.407932955308
106301 1692.524559306765
106401 1692.641185658223
106501 1692.757812009681
106601 1692.874438361139
106701 1692.991064712596
106801 1693.107691064054
106901 1693.224317415512
107001 1693.340943766969
107101 1693.457570118427
107201 1693.574196469885
107301 1693.690822821342
107401 1693.8074491728
107501 1693.924075524258
107601 1694.040701875716
107701 1694.157328227173
107801 1694.273954578631
107901 1694.390580930088
108001 1694.507207281546
108101 1694.623833633004
108201 1694.740459984461
108301 1694.857086335919
108401 1694.973712687377
108501 1695.090339038835
108601 1695.206965390292
108701 1695.32359174175
108801 1695.440218093208
108901 1695.556844444665
109001 1695.673470796123
109101 1695.790097147581
109201 1695.906723499038
109301 1696.023349850496
109401 1696.139976201954
109501 1696.256602553411
109601 1696.373228904869
109701 1696.489855256327
109801 1696.606481607784
109901 1696.723107959242
110001 1696.8397343107
110101 1696.956360662158
110201 1697.072987013615
110301 1697.189613365073
110401 1697.306239716531
110501 1697.422866067988
110601 1697.539492419446
110701 1697.656118770904
110801 1697.772745122361
110901 1697.889371473819
111001 1698.005997825277
111101 1698.122624176734
111201 1698.239250528192
111301 1698.35587687965
111401 1698.472503231107
111501 1698.589129582565
111601 1698.705755934023
111701 1698.82238228548
111801 1698.939008636938
111901 1699.055634988396
112001 1699.172261339854
112101 1699.288887691311
112201 1699.405514042769
112301 1699.522140394227
112401 1699.638766745684
112501 1699.755393097142
112601 1699.8720194486
112701 1699.988645800057
112801 1700.105272151515
112901 1700.221898502973
113001 1700.33852485443
113101 1700.455151205888
113201 1700.571777557346
113301 1700.688403908803
113401 1700.805030260261
113501 1700.921656611719
113601 1701.038282963176
113701 1701.154909314634
113801 1701.271535666092
113901 1701.38816201755
114001 1701.504788369007
114101 1701.621414720465
114201 1701.738041071922
114301 1701.85466742338
114401 1701.971293774838
114501 1702.087920126296
114601 1702.204546477753
114701 1702.321172829211
114801 1702.437799180669
114901 1702.554425532126
115001 1702.671051883584
115101 1702.787678235042
115201 1702.904304586499
115301 1703.020930937957
115401 1703.137557289415
115501 1703.254183640872
115601 1703.37080999233
115701 1703.487436343788
115801 1703.604062695246
115901 1703.720689046703
116001 1703.837315398161
116101 1703.953941749618
116201 1704.070568101076
116301 1704.187194452534
116401 1704.303820803992
116501 1704.420447155449
116601 1704.537073506907
116701 1704.653699858365
116801 1704.770326209822
116901 1704.88695256128
117001 1705.003578912738
117101 1705.120205264195
117201 1705.236831615653
117301 1705.353457967111
117401 1705.470084318569
117501 1705.586710670026
117601 1705.703337021484
117701 1705.819963372941
117801 1705.936589724399
117901 1706.053216075857
118001 1706.169842427315
118101 1706.286468778772
118201 1706.40309513023
118301 1706.519721481688
118401 1706.636347833145
118501 1706.752974184603
118601 1706.869600536061
118701 1706.986226887518
118801 1707.102853238976
118901 1707.219479590434
119001 1707.336105941891
119101 1707.452732293349
119201 1707.569358644807
119301 1707.685984996265
119401 1707.802611347722
119501 1707.91923769918
119601 1708.035864050637
119701 1708.152490402095
119801 1708.269116753553
119901 1708.385743105011
120001 1708.502369456468
120101 1708.618995807926
120201 1708.735622159384
120301 1708.852248510841
120401 1708.968874862299
120501 1709.085501213757
120601 1709.202127565214
120701 1709.318753916672
120801 1709.43538026813
120901 1709.552006619587
121001 1709.668632971045
121101 1709.785259322503
121201 1709.90188567396
121301 1710.018512025418
121401 1710.135138376876
121501 1710.251764728333
121601 1710.368391079791
121701 1710.485017431249
121801 1710.601643782707
121901 1710.718270134164
122001 1710.834896485622
122101 1710.95152283708
122201 1711.068149188537
122301 1711.184775539995
122401 1711.301401891453
122501 1711.41802824291
122601 1711.534654594368
122701 1711.651280945826
122801 1711.767907297284
122901 1711.884533648741
123001 1712.001160000199
123101 1712.117786351656
123201 1712.234412703114
123301 1712.351039054572
123401 1712.467665406029
123501 1712.584291757487
123601 1712.700918108945
123701 1712.817544460403
123801 1712.93417081186
123901 1713.050797163318
124001 1713.167423514776
124101 1713.284049866233
124201 1713.400676217691
124301 1713.517302569149
124401 1713.633928920606
124501 1713.750555272064
124601 1713.867181623522
124701 1713.983807974979
124801 1714.100434326437
124901 1714.217060677895
125001 1714.333687029352
125101 1714.45031338081
125201 1714.566939732268
125301 1714.683566083726
125401 1714.800192435183
125501 1714.916818786641
125601 1715.033445138099
125701 1715.150071489556
125801 1715.266697841014
125901 1715.383324192472
126001 1715.499950543929
126101 1715.616576895387
126201 1715.733203246845
126301 1715.849829598302
126401 1715.96645594976
126501 1716.083082301218
126601 1716.199708652675
126701 1716.316335004133
126801 1716.432961355591
126901 1716.549587707048
127001 1716.666214058506
127101 1716.782840409964
127201 1716.899466761422
127301 1717.016093112879
127401 1717.132719464337
127501 1717.249345815795
127601 1717.365972167252
127701 1717.48259851871
127801 1717.599224870168
127901 1717.715851221625
128001 1717.832477573083
128101 1717.949103924541
128201 1718.065730275998
128301 1718.182356627456
128401 1718.298982978914
128501 1718.415609330371
128601 1718.532235681829
128701 1718.648862033287
128801 1718.765488384744
128901 1718.882114736202
129001 1718.99874108766
129101 1719.115367439118
129201 1719.231993790575
129301 1719.348620142033
129401 1719.465246493491
129501 1719.581872844948
129601 1719.698499196406
129701 1719.815125547864
129801 1719.931751899321
129901 1720.048378250779
130001 1720.165004602237
130101 1720.281630953694
130201 1720.398257305152
130301 1720.51488365661
130401 1720.631510008067
130501 1720.748136359525
130601 1720.864762710983
130701 1720.98138906244
130801 1721.098015413898
130901 1721.214641765356
131001 1721.331268116814
131101 1721.447894468271
131201 1721.564520819729
131301 1721.681147171186
131401 1721.797773522644
131501 1721.914399874102
131601 1722.03102622556
131701 1722.147652577017
131801 1722.264278928475
131901 1722.380905279933
132001 1722.49753163139
132101 1722.614157982848
132201 1722.730784334306
132301 1722.847410685763
132401 1722.964037037221
132501 1723.080663388679
132601 1723.197289740137
132701 1723.313916091594
132801 1723.430542443052
132901 1723.54716879451
133001 1723.663795145967
133101 1723.780421497425
133201 1723.897047848882
133301 1724.01367420034
133401 1724.130300551798
133501 1724.246926903256
133601 1724.363553254713
133701 1724.480179606171
133801 1724.596805957629
133901 1724.713432309086
134001 1724.830058660544
134101 1724.946685012002
134201 1725.063311363459
134301 1725.179937714917
134401 1725.296564066375
134501 1725.413190417833
134601 1725.52981676929
134701 1725.646443120748
134801 1725.763069472205
134901 1725.879695823663
135001 1725.996322175121
135101 1726.112948526579
135201 1726.229574878036
135301 1726.346201229494
135401 1726.462827580952
135501 1726.579453932409
135601 1726.696080283867
135701 1726.812706635325
135801 1726.929332986782
135901 1727.04595933824
136001 1727.162585689698
136101 1727.279212041155
136201 1727.395838392613
136301 1727.512464744071
136401 1727.629091095529
136501 1727.745717446986
136601 1727.862343798444
136701 1727.978970149901
136801 1728.095596501359
136901 1728.212222852817
137001 1728.328849204275
137101 1728.445475555732
137201 1728.56210190719
137301 1728.678728258648
137401 1728.795354610105
137501 1728.911980961563
137601 1729.028607313021
137701 1729.145233664478
137801 1729.261860015936
137901 1729.378486367394
138001 1729.495112718851
138101 1729.611739070309
138201 1729.728365421767
138301 1729.844991773224
138401 1729.961618124682
138501 1730.07824447614
138601 1730.194870827597
138701 1730.311497179055
138801 1730.428123530513
138901 1730.544749881971
139001 1730.661376233428
139101 1730.778002584886
139201 1730.894628936344
139301 1731.011255287801
139401 1731.127881639259
139501 1731.244507990717
139601 1731.361134342174
139701 1731.477760693632
139801 1731.59438704509
139901 1731.711013396547
140001 1731.827639748005
140101 1731.944266099463
140201 1732.06089245092
140301 1732.177518802378
140401 1732.294145153836
140501 1732.410771505293
140601 1732.527397856751
140701 1732.644024208209
140801 1732.760650559667
140901 1732.877276911124
141001 1732.993903262582
141101 1733.11052961404
141201 1733.227155965497
141301 1733.343782316955
141401 1733.460408668413
141501 1733.57703501987
141601 1733.693661371328
141701 1733.810287722786
141801 1733.926914074243
141901 1734.043540425701
142001 1734.160166777159
142101 1734.276793128616
142201 1734.393419480074
142301 1734.510045831532
142401 1734.62667218299
142501 1734.743298534447
142601 1734.859924885905
142701 1734.976551237363
142801 1735.09317758882
142901 1735.209803940278
143001 1735.326430291736
143101 1735.443056643193
143201 1735.559682994651
143301 1735.676309346109
143401 1735.792935697566
143501 1735.909562049024
143601 1736.026188400482
143701 1736.142814751939
143801 1736.259441103397
143901 1736.376067454855
144001 1736.492693806312
144101 1736.60932015777
144201 1736.725946509228
144301 1736.842572860686
144401 1736.959199212143
144501 1737.075825563601
144601 1737.192451915059
144701 1737.309078266516
144801 1737.425704617974
144901 1737.542330969432
145001 1737.658957320889
145101 1737.775583672347
145201 1737.892210023805
145301 1738.008836375262
145401 1738.12546272672
145501 1738.242089078178
145601 1738.358715429635
145701 1738.475341781093
145801 1738.591968132551
145901 1738.708594484008
146001 1738.825220835466
146101 1738.941847186924
146201 1739.058473538382
146301 1739.175099889839
146401 1739.291726241297
146501 1739.408352592754
146601 1739.524978944212
146701 1739.64160529567
146801 1739.758231647128
146901 1739.874857998585
147001 1739.991484350043
147101 1740.108110701501
147201 1740.224737052958
147301 1740.341363404416
147401 1740.457989755874
147501 1740.574616107331
147601 1740.691242458789
147701 1740.807868810247
147801 1740.924495161704
147901 1741.041121513162
148001 1741.15774786462
148101 1741.274374216078
148201 1741.391000567535
148301 1741.507626918993
148401 1741.62425327045
148501 1741.740879621908
148601 1741.857505973366
148701 1741.974132324824
148801 1742.090758676281
148901 1742.207385027739
149001 1742.324011379197
149101 1742.440637730654
149201 1742.557264082112
149301 1742.67389043357
149401 1742.790516785027
149501 1742.907143136485
149601 1743.023769487943
149701 1743.140395839401
149801 1743.257022190858
149901 1743.373648542316
150001 1743.490274893773
150101 1743.606901245231
150201 1743.723527596689
150301 1743.840153948147
150401 1743.956780299604
150501 1744.073406651062
150601 1744.19003300252
150701 1744.306659353977
150801 1744.423285705435
150901 1744.539912056893
151001 1744.65653840835
151101 1744.773164759808
151201 1744.889791111266
151301 1745.006417462723
151401 1745.123043814181
151501 1745.239670165639
151601 1745.356296517097
151701 1745.472922868554
151801 1745.589549220012
151901 1745.706175571469
152001 1745.822801922927
152101 1745.939428274385
152201 1746.056054625843
152301 1746.1726809773
152401 1746.289307328758
152501 1746.405933680216
152601 1746.522560031673
152701 1746.639186383131
152801 1746.755812734589
152901 1746.872439086046
153001 1746.989065437504
153101 1747.105691788962
153201 1747.222318140419
153301 1747.338944491877
153401 1747.455570843335
153501 1747.572197194792
153601 1747.68882354625
153701 1747.805449897708
153801 1747.922076249165
153901 1748.038702600623
154001 1748.155328952081
154101 1748.271955303539
154201 1748.388581654996
154301 1748.505208006454
154401 1748.621834357912
154501 1748.738460709369
154601 1748.855087060827
154701 1748.971713412285
154801 1749.088339763742
154901 1749.2049661152
155001 1749.321592466658
155101 1749.438218818115
155201 1749.554845169573
155301 1749.671471521031
155401 1749.788097872488
155501 1749.904724223946
155601 1750.021350575404
155701 1750.137976926861
155801 1750.254603278319
155901 1750.371229629777
156001 1750.487855981235
156101 1750.604482332692
156201 1750.72110868415
156301 1750.837735035608
156401 1750.954361387065
156501 1751.070987738523
156601 1751.187614089981
156701 1751.304240441438
156801 1751.420866792896
156901 1751.537493144354
157001 1751.654119495811
157101 1751.770745847269
157201 1751.887372198727
157301 1752.003998550184
157401 1752.120624901642
157501 1752.2372512531
157601 1752.353877604558
157701 1752.470503956015
157801 1752.587130307473
157901 1752.703756658931
158001 1752.820383010388
158101 1752.937009361846
158201 1753.053635713304
158301 1753.170262064761
158401 1753.286888416219
158501 1753.403514767677
158601 1753.520141119134
158701 1753.636767470592
158801 1753.75339382205
158901 1753.870020173507
159001 1753.986646524965
159101 1754.103272876423
159201 1754.21989922788
159301 1754.336525579338
159401 1754.453151930796
159501 1754.569778282254
159601 1754.686404633711
159701 1754.803030985169
159801 1754.919657336627
159901 1755.036283688084
160001 1755.152910039542
160101 1755.269536391
160201 1755.386162742457
160301 1755.502789093915
160401 1755.619415445373
160501 1755.73604179683
160601 1755.852668148288
160701 1755.969294499746
160801 1756.085920851203
160901 1756.202547202661
161001 1756.319173554119
161101 1756.435799905576
161201 1756.552426257034
161301 1756.669052608492
161401 1756.78567895995
161501 1756.902305311407
161601 1757.018931662865
161701 1757.135558014322
161801 1757.25218436578
161901 1757.368810717238
162001 1757.485437068696
162101 1757.602063420153
162201 1757.718689771611
162301 1757.835316123069
162401 1757.951942474526
162501 1758.068568825984
162601 1758.185195177442
162701 1758.301821528899
162801 1758.418447880357
162901 1758.535074231815
163001 1758.651700583272
163101 1758.76832693473
163201 1758.884953286188
163301 1759.001579637646
163401 1759.118205989103
163501 1759.234832340561
163601 1759.351458692018
163701 1759.468085043476
163801 1759.584711394934
163901 1759.701337746392
164001 1759.817964097849
164101 1759.934590449307
164201 1760.051216800765
164301 1760.167843152222
164401 1760.28446950368
164501 1760.401095855138
164601 1760.517722206595
164701 1760.634348558053
164801 1760.750974909511
164901 1760.867601260969
165001 1760.984227612426
165101 1761.100853963884
165201 1761.217480315341
165301 1761.334106666799
165401 1761.450733018257
165501 1761.567359369714
165601 1761.683985721172
165701 1761.80061207263
165801 1761.917238424088
165901 1762.033864775545
166001 1762.150491127003
166101 1762.267117478461
166201 1762.383743829918
166301 1762.500370181376
166401 1762.616996532834
166501 1762.733622884291
166601 1762.850249235749
166701 1762.966875587207
166801 1763.083501938665
166901 1763.200128290122
167001 1763.31675464158
167101 1763.433380993037
167201 1763.550007344495
167301 1763.666633695953
167401 1763.783260047411
167501 1763.899886398868
167601 1764.016512750326
167701 1764.133139101784
167801 1764.249765453241
167901 1764.366391804699
168001 1764.483018156157
168101 1764.599644507614
168201 1764.716270859072
168301 1764.83289721053
168401 1764.949523561987
168501 1765.066149913445
168601 1765.182776264903
168701 1765.29940261636
168801 1765.416028967818
168901 1765.532655319276
169001 1765.649281670733
169101 1765.765908022191
169201 1765.882534373649
169301 1765.999160725107
169401 1766.115787076564
169501 1766.232413428022
169601 1766.34903977948
169701 1766.465666130937
169801 1766.582292482395
169901 1766.698918833853
170001 1766.81554518531
170101 1766.932171536768
170201 1767.048797888226
170301 1767.165424239683
170401 1767.282050591141
170501 1767.398676942599
170601 1767.515303294056
170701 1767.631929645514
170801 1767.748555996972
170901 1767.865182348429
171001 1767.981808699887
171101 1768.098435051345
171201 1768.215061402803
171301 1768.33168775426
171401 1768.448314105718
171501 1768.564940457176
171601 1768.681566808633
171701 1768.798193160091
171801 1768.914819511549
171901 1769.031445863006
172001 1769.148072214464
172101 1769.264698565922
172201 1769.381324917379
172301 1769.497951268837
172401 1769.614577620295
172501 1769.731203971752
172601 1769.84783032321
172701 1769.964456674668
172801 1770.081083026125
172901 1770.197709377583
173001 1770.314335729041
173101 1770.430962080499
173201 1770.547588431956
173301 1770.664214783414
173401 1770.780841134871
173501 1770.897467486329
173601 1771.014093837787
173701 1771.130720189245
173801 1771.247346540702
173901 1771.36397289216
174001 1771.480599243618
174101 1771.597225595075
174201 1771.713851946533
174301 1771.830478297991
174401 1771.947104649448
174501 1772.063731000906
174601 1772.180357352364
174701 1772.296983703822
174801 1772.413610055279
174901 1772.530236406737
175001 1772.646862758195
175101 1772.763489109652
175201 1772.88011546111
175301 1772.996741812568
175401 1773.113368164025
175501 1773.229994515483
175601 1773.346620866941
175701 1773.463247218398
175801 1773.579873569856
175901 1773.696499921314
176001 1773.813126272771
176101 1773.929752624229
176201 1774.046378975687
176301 1774.163005327144
176401 1774.279631678602
176501 1774.39625803006
176601 1774.512884381518
176701 1774.629510732975
176801 1774.746137084433
176901 1774.86276343589
177001 1774.979389787348
177101 1775.096016138806
177201 1775.212642490264
177301 1775.329268841721
177401 1775.445895193179
177501 1775.562521544637
177601 1775.679147896094
177701 1775.795774247552
177801 1775.91240059901
177901 1776.029026950467
178001 1776.145653301925
178101 1776.262279653383
178201 1776.37890600484
178301 1776.495532356298
178401 1776.612158707756
178501 1776.728785059214
178601 1776.845411410671
178701 1776.962037762129
178801 1777.078664113586
178901 1777.195290465044
179001 1777.311916816502
179101 1777.42854316796
179201 1777.545169519417
179301 1777.661795870875
179401 1777.778422222333
179501 1777.89504857379
179601 1778.011674925248
179701 1778.128301276706
179801 1778.244927628163
179901 1778.361553979621
180001 1778.478180331079
180101 1778.594806682537
180201 1778.711433033994
180301 1778.828059385452
180401 1778.944685736909
180501 1779.061312088367
180601 1779.177938439825
180701 1779.294564791282
180801 1779.41119114274
180901 1779.527817494198
181001 1779.644443845656
181101 1779.761070197113
181201 1779.877696548571
181301 1779.994322900029
181401 1780.110949251486
181501 1780.227575602944
181601 1780.344201954402
181701 1780.460828305859
181801 1780.577454657317
181901 1780.694081008775
182001 1780.810707360233
182101 1780.92733371169
182201 1781.043960063148
182301 1781.160586414605
182401 1781.277212766063
182501 1781.393839117521
182601 1781.510465468979
182701 1781.627091820436
182801 1781.743718171894
182901 1781.860344523352
183001 1781.976970874809
183101 1782.093597226267
183201 1782.210223577725
183301 1782.326849929182
183401 1782.44347628064
183501 1782.560102632098
183601 1782.676728983555
183701 1782.793355335013
183801 1782.909981686471
183901 1783.026608037928
184001 1783.143234389386
184101 1783.259860740844
184201 1783.376487092301
184301 1783.493113443759
184401 1783.609739795217
184501 1783.726366146675
184601 1783.842992498132
184701 1783.95961884959
184801 1784.076245201048
184901 1784.192871552505
185001 1784.309497903963
185101 1784.426124255421
185201 1784.542750606878
185301 1784.659376958336
185401 1784.776003309794
185501 1784.892629661251
185601 1785.009256012709
185701 1785.125882364167
185801 1785.242508715624
185901 1785.359135067082
186001 1785.47576141854
186101 1785.592387769997
186201 1785.709014121455
186301 1785.825640472913
186401 1785.942266824371
186501 1786.058893175828
186601 1786.175519527286
186701 1786.292145878744
186801 1786.408772230201
186901 1786.525398581659
187001 1786.642024933117
187101 1786.758651284574
187201 1786.875277636032
187301 1786.99190398749
187401 1787.108530338947
187501 1787.225156690405
187601 1787.341783041863
187701 1787.45840939332
187801 1787.575035744778
187901 1787.691662096236
188001 1787.808288447693
188101 1787.924914799151
188201 1788.041541150609
188301 1788.158167502067
188401 1788.274793853524
188501 1788.391420204982
188601 1788.50804655644
188701 1788.624672907897
188801 1788.741299259355
188901 1788.857925610813
189001 1788.97455196227
189101 1789.091178313728
189201 1789.207804665186
189301 1789.324431016643
189401 1789.441057368101
189501 1789.557683719559
189601 1789.674310071016
189701 1789.790936422474
189801 1789.907562773932
189901 1790.02418912539
190001 1790.140815476847
190101 1790.257441828305
190201 1790.374068179763
190301 1790.49069453122
190401 1790.607320882678
190501 1790.723947234135
190601 1790.840573585593
190701 1790.957199937051
190801 1791.073826288509
190901 1791.190452639966
191001 1791.307078991424
191101 1791.423705342882
191201 1791.540331694339
191301 1791.656958045797
191401 1791.773584397255
191501 1791.890210748712
191601 1792.00683710017
191701 1792.123463451628
191801 1792.240089803086
191901 1792.356716154543
192001 1792.473342506001
192101 1792.589968857459
192201 1792.706595208916
192301 1792.823221560374
192401 1792.939847911832
192501 1793.056474263289
192601 1793.173100614747
192701 1793.289726966205
192801 1793.406353317662
192901 1793.52297966912
193001 1793.639606020578
193101 1793.756232372035
193201 1793.872858723493
193301 1793.989485074951
193401 1794.106111426408
193501 1794.222737777866
193601 1794.339364129324
193701 1794.455990480782
193801 1794.572616832239
193901 1794.689243183697
194001 1794.805869535154
194101 1794.922495886612
194201 1795.03912223807
194301 1795.155748589528
194401 1795.272374940985
194501 1795.389001292443
194601 1795.505627643901
194701 1795.622253995358
194801 1795.738880346816
194901 1795.855506698274
195001 1795.972133049731
195101 1796.088759401189
195201 1796.205385752647
195301 1796.322012104104
195401 1796.438638455562
195501 1796.55526480702
195601 1796.671891158478
195701 1796.788517509935
195801 1796.905143861393
195901 1797.02177021285
196001 1797.138396564308
196101 1797.255022915766
196201 1797.371649267224
196301 1797.488275618681
196401 1797.604901970139
196501 1797.721528321597
196601 1797.838154673054
196701 1797.954781024512
196801 1798.07140737597
196901 1798.188033727427
197001 1798.304660078885
197101 1798.421286430343
197201 1798.537912781801
197301 1798.654539133258
197401 1798.771165484716
197501 1798.887791836173
197601 1799.004418187631
197701 1799.121044539089
197801 1799.237670890546
197901 1799.354297242004
198001 1799.470923593462
198101 1799.58754994492
198201 1799.704176296377
198301 1799.820802647835
198401 1799.937428999293
198501 1800.05405535075
198601 1800.170681702208
198701 1800.287308053666
198801 1800.403934405123
198901 1800.520560756581
199001 1800.637187108039
199101 1800.753813459497
199201 1800.870439810954
199301 1800.987066162412
199401 1801.103692513869
199501 1801.220318865327
199601 1801.336945216785
199701 1801.453571568243
199801 1801.5701979197
199901 1801.686824271158
200001 1801.803450622616
200101 1801.920076974073
200201 1802.036703325531
200301 1802.153329676989
200401 1802.269956028446
200501 1802.386582379904
200601 1802.503208731362
200701 1802.619835082819
200801 1802.736461434277
200901 1802.853087785735
201001 1802.969714137192
201101 1803.08634048865
201201 1803.202966840108
201301 1803.319593191565
201401 1803.436219543023
201501 1803.552845894481
201601 1803.669472245939
201701 1803.786098597396
201801 1803.902724948854
201901 1804.019351300312
202001 1804.135977651769
202101 1804.252604003227
202201 1804.369230354685
202301 1804.485856706142
202401 1804.6024830576
202501 1804.719109409058
202601 1804.835735760515
202701 1804.952362111973
202801 1805.068988463431
202901 1805.185614814888
203001 1805.302241166346
203101 1805.418867517804
203201 1805.535493869261
203301 1805.652120220719
203401 1805.768746572177
203501 1805.885372923635
203601 1806.001999275092
203701 1806.11862562655
203801 1806.235251978008
203901 1806.351878329465
204001 1806.468504680923
204101 1806.585131032381
204201 1806.701757383838
204301 1806.818383735296
204401 1806.935010086754
204501 1807.051636438211
204601 1807.168262789669
204701 1807.284889141127
204801 1807.401515492584
204901 1807.518141844042
205001 1807.6347681955
205101 1807.751394546957
205201 1807.868020898415
205301 1807.984647249873
205401 1808.101273601331
205501 1808.217899952788
205601 1808.334526304246
205701 1808.451152655703
205801 1808.567779007161
205901 1808.684405358619
206001 1808.801031710077
206101 1808.917658061534
206201 1809.034284412992
206301 1809.15091076445
206401 1809.267537115907
206501 1809.384163467365
206601 1809.500789818823
206701 1809.61741617028
206801 1809.734042521738
206901 1809.850668873196
207001 1809.967295224654
207101 1810.083921576111
207201 1810.200547927569
207301 1810.317174279027
207401 1810.433800630484
207501 1810.550426981942
207601 1810.6670533334
207701 1810.783679684857
207801 1810.900306036315
207901 1811.016932387773
208001 1811.13355873923
208101 1811.250185090688
208201 1811.366811442146
208301 1811.483437793603
208401 1811.600064145061
208501 1811.716690496519
208601 1811.833316847976
208701 1811.949943199434
208801 1812.066569550892
208901 1812.18319590235
209001 1812.299822253807
209101 1812.416448605265
209201 1812.533074956722
209301 1812.64970130818
209401 1812.766327659638
209501 1812.882954011096
209601 1812.999580362553
209701 1813.116206714011
209801 1813.232833065469
209901 1813.349459416926
210001 1813.466085768384
210101 1813.582712119842
210201 1813.699338471299
210301 1813.815964822757
210401 1813.932591174215
210501 1814.049217525672
210601 1814.16584387713
210701 1814.282470228588
210801 1814.399096580046
210901 1814.515722931503
211001 1814.632349282961
211101 1814.748975634418
211201 1814.865601985876
211301 1814.982228337334
211401 1815.098854688792
211501 1815.215481040249
211601 1815.332107391707
211701 1815.448733743165
211801 1815.565360094622
211901 1815.68198644608
212001 1815.798612797538
212101 1815.915239148995
212201 1816.031865500453
212301 1816.148491851911
212401 1816.265118203369
212501 1816.381744554826
212601 1816.498370906284
212701 1816.614997257741
212801 1816.731623609199
212901 1816.848249960657
213001 1816.964876312114
213101 1817.081502663572
213201 1817.19812901503
213301 1817.314755366488
213401 1817.431381717945
213501 1817.548008069403
213601 1817.664634420861
213701 1817.781260772318
213801 1817.897887123776
213901 1818.014513475234
214001 1818.131139826691
214101 1818.247766178149
214201 1818.364392529607
214301 1818.481018881065
214401 1818.597645232522
214501 1818.71427158398
214601 1818.830897935437
214701 1818.947524286895
214801 1819.064150638353
214901 1819.180776989811
215001 1819.297403341268
215101 1819.414029692726
215201 1819.530656044184
215301 1819.647282395641
215401 1819.763908747099
215501 1819.880535098557
215601 1819.997161450014
215701 1820.113787801472
215801 1820.23041415293
215901 1820.347040504387
216001 1820.463666855845
216101 1820.580293207303
216201 1820.69691955876
216301 1820.813545910218
216401 1820.930172261676
216501 1821.046798613133
216601 1821.163424964591
216701 1821.280051316049
216801 1821.396677667507
216901 1821.513304018964
217001 1821.629930370422
217101 1821.74655672188
217201 1821.863183073337
217301 1821.979809424795
217401 1822.096435776253
217501 1822.21306212771
217601 1822.329688479168
217701 1822.446314830626
217801 1822.562941182083
217901 1822.679567533541
218001 1822.796193884999
218101 1822.912820236456
218201 1823.029446587914
218301 1823.146072939372
218401 1823.262699290829
218501 1823.379325642287
218601 1823.495951993745
218701 1823.612578345203
218801 1823.72920469666
218901 1823.845831048118
219001 1823.962457399576
219101 1824.079083751033
219201 1824.195710102491
219301 1824.312336453949
219401 1824.428962805406
219501 1824.545589156864
219601 1824.662215508322
219701 1824.778841859779
219801 1824.895468211237
219901 1825.012094562695
220001 1825.128720914152
220101 1825.24534726561
220201 1825.361973617068
220301 1825.478599968525
220401 1825.595226319983
220501 1825.711852671441
220601 1825.828479022899
220701 1825.945105374356
220801 1826.061731725814
220901 1826.178358077272
221001 1826.294984428729
221101 1826.411610780187
221201 1826.528237131645
221301 1826.644863483102
221401 1826.76148983456
221501 1826.878116186018
221601 1826.994742537475
221701 1827.111368888933
221801 1827.227995240391
221901 1827.344621591848
222001 1827.461247943306
222101 1827.577874294764
222201 1827.694500646222
222301 1827.811126997679
222401 1827.927753349137
222501 1828.044379700595
222601 1828.161006052052
222701 1828.27763240351
222801 1828.394258754967
222901 1828.510885106425
223001 1828.627511457883
223101 1828.744137809341
223201 1828.860764160798
223301 1828.977390512256
223401 1829.094016863714
223501 1829.210643215171
223601 1829.327269566629
223701 1829.443895918087
223801 1829.560522269544
223901 1829.677148621002
224001 1829.79377497246
224101 1829.910401323918
224201 1830.027027675375
224301 1830.143654026833
224401 1830.260280378291
224501 1830.376906729748
224601 1830.493533081206
224701 1830.610159432664
224801 1830.726785784121
224901 1830.843412135579
225001 1830.960038487037
225101 1831.076664838494
225201 1831.193291189952
225301 1831.30991754141
225401 1831.426543892867
225501 1831.543170244325
225601 1831.659796595783
225701 1831.77642294724
225801 1831.893049298698
225901 1832.009675650156
226001 1832.126302001614
226101 1832.242928353071
226201 1832.359554704529
226301 1832.476181055986
226401 1832.592807407444
226501 1832.709433758902
226601 1832.82606011036
226701 1832.942686461817
226801 1833.059312813275
226901 1833.175939164733
227001 1833.29256551619
227101 1833.409191867648
227201 1833.525818219106
227301 1833.642444570563
227401 1833.759070922021
227501 1833.875697273479
227601 1833.992323624936
227701 1834.108949976394
227801 1834.225576327852
227901 1834.34220267931
228001 1834.458829030767
228101 1834.575455382225
228201 1834.692081733682
228301 1834.80870808514
228401 1834.925334436598
228501 1835.041960788056
228601 1835.158587139513
228701 1835.275213490971
228801 1835.391839842429
228901 1835.508466193886
229001 1835.625092545344
229101 1835.741718896802
229201 1835.858345248259
229301 1835.974971599717
229401 1836.091597951175
229501 1836.208224302633
229601 1836.32485065409
229701 1836.441477005548
229801 1836.558103357005
229901 1836.674729708463
230001 1836.791356059921
230101 1836.907982411378
230201 1837.024608762836
230301 1837.141235114294
230401 1837.257861465752
230501 1837.374487817209
230601 1837.491114168667
230701 1837.607740520125
230801 1837.724366871582
230901 1837.84099322304
231001 1837.957619574498
231101 1838.074245925955
231201 1838.190872277413
231301 1838.307498628871
231401 1838.424124980329
231501 1838.540751331786
231601 1838.657377683244
231701 1838.774004034701
231801 1838.890630386159
231901 1839.007256737617
232001 1839.123883089075
232101 1839.240509440532
232201 1839.35713579199
232301 1839.473762143448
232401 1839.590388494905
232501 1839.707014846363
232601 1839.823641197821
232701 1839.940267549278
232801 1840.056893900736
232901 1840.173520252194
233001 1840.290146603651
233101 1840.406772955109
233201 1840.523399306567
233301 1840.640025658024
233401 1840.756652009482
233501 1840.87327836094
233601 1840.989904712397
233701 1841.106531063855
233801 1841.223157415313
233901 1841.339783766771
234001 1841.456410118228
234101 1841.573036469686
234201 1841.689662821144
234301 1841.806289172601
234401 1841.922915524059
234501 1842.039541875517
234601 1842.156168226974
234701 1842.272794578432
234801 1842.38942092989
234901 1842.506047281347
235001 1842.622673632805
235101 1842.739299984263
235201 1842.85592633572
235301 1842.972552687178
235401 1843.089179038636
235501 1843.205805390093
235601 1843.322431741551
235701 1843.439058093009
235801 1843.555684444467
235901 1843.672310795924
236001 1843.788937147382
236101 1843.905563498839
236201 1844.022189850297
236301 1844.138816201755
236401 1844.255442553213
236501 1844.37206890467
236601 1844.488695256128
236701 1844.605321607586
236801 1844.721947959043
236901 1844.838574310501
237001 1844.955200661959
237101 1845.071827013416
237201 1845.188453364874
237301 1845.305079716332
237401 1845.42170606779
237501 1845.538332419247
237601 1845.654958770705
237701 1845.771585122163
237801 1845.88821147362
237901 1846.004837825078
238001 1846.121464176535
238101 1846.238090527993
238201 1846.354716879451
238301 1846.471343230909
238401 1846.587969582366
238501 1846.704595933824
238601 1846.821222285282
238701 1846.937848636739
238801 1847.054474988197
238901 1847.171101339655
239001 1847.287727691112
239101 1847.40435404257
239201 1847.520980394028
239301 1847.637606745486
239401 1847.754233096943
239501 1847.870859448401
239601 1847.987485799858
239701 1848.104112151316
239801 1848.220738502774
239901 1848.337364854232
240001 1848.453991205689
240101 1848.570617557147
240201 1848.687243908605
240301 1848.803870260062
240401 1848.92049661152
240501 1849.037122962978
240601 1849.153749314435
240701 1849.270375665893
240801 1849.387002017351
240901 1849.503628368808
241001 1849.620254720266
241101 1849.736881071724
241201 1849.853507423182
241301 1849.970133774639
241401 1850.086760126097
241501 1850.203386477554
241601 1850.320012829012
241701 1850.43663918047
241801 1850.553265531928
241901 1850.669891883385
242001 1850.786518234843
242101 1850.903144586301
242201 1851.019770937758
242301 1851.136397289216
242401 1851.253023640674
242501 1851.369649992131
242601 1851.486276343589
242701 1851.602902695047
242801 1851.719529046504
242901 1851.836155397962
243001 1851.95278174942
243101 1852.069408100877
243201 1852.186034452335
243301 1852.302660803793
243401 1852.41928715525
243501 1852.535913506708
243601 1852.652539858166
243701 1852.769166209624
243801 1852.885792561081
243901 1853.002418912539
244001 1853.119045263997
244101 1853.235671615454
244201 1853.352297966912
244301 1853.46892431837
244401 1853.585550669827
244501 1853.702177021285
244601 1853.818803372743
244701 1853.935429724201
244801 1854.052056075658
244901 1854.168682427116
245001 1854.285308778573
245101 1854.401935130031
245201 1854.518561481489
245301 1854.635187832946
245401 1854.751814184404
245501 1854.868440535862
245601 1854.98506688732
245701 1855.101693238777
245801 1855.218319590235
245901 1855.334945941693
246001 1855.45157229315
246101 1855.568198644608
246201 1855.684824996066
246301 1855.801451347523
246401 1855.918077698981
246501 1856.034704050439
246601 1856.151330401896
246701 1856.267956753354
246801 1856.384583104812
246901 1856.501209456269
247001 1856.617835807727
247101 1856.734462159185
247201 1856.851088510643
247301 1856.9677148621
247401 1857.084341213558
247501 1857.200967565016
247601 1857.317593916473
247701 1857.434220267931
247801 1857.550846619389
247901 1857.667472970846
248001 1857.784099322304
248101 1857.900725673762
248201 1858.017352025219
248301 1858.133978376677
248401 1858.250604728135
248501 1858.367231079592
248601 1858.48385743105
248701 1858.600483782508
248801 1858.717110133965
248901 1858.833736485423
249001 1858.950362836881
249101 1859.066989188339
249201 1859.183615539796
249301 1859.300241891254
249401 1859.416868242712
249501 1859.533494594169
249601 1859.650120945627
249701 1859.766747297085
249801 1859.883373648542
249901 1860.0