1 1240.1030859512255
101 1240.9116629720438
201 1241.7202034464349
301 1242.5287063282497
401 1243.3371705723657
501 1244.1455951346877
601 1244.9539789721468
701 1245.7623210427016
801 1246.5706203053367
901 1247.3788757200641
1001 1248.1870862479223
1101 1248.995250850977
1201 1249.8033684923205
1301 1250.6114381360717
1401 1251.4194587473767
1501 1252.2274292924085
1601 1253.035348738366
1701 1253.8432160534765
1801 1254.6510302069926
1901 1255.4587901691946
2001 1256.2664949113894
2101 1257.0741434059105
2201 1257.8817346261187
2301 1258.689267546401
2401 1259.496741142172
2501 1260.3041543898723
2601 1261.1115062669699
2701 1261.9187957519596
2801 1262.7260218243625
2901 1263.533183464727
3001 1264.3402796546284
3101 1265.1473093766683
3201 1265.9542716144758
3301 1266.7611653527063
3401 1267.567989577042
3501 1268.3747432741925
3601 1269.1814254318936
3701 1269.988035038908
3801 1270.7945710850258
3901 1271.6010325610632
4001 1272.4074184588635
4101 1273.213727771297
4201 1274.0199594922608
4301 1274.8261126166783
4401 1275.6321861405004
4501 1276.4381790607044
4601 1277.2440903752947
4701 1278.0499190833023
4801 1278.855664184785
4901 1279.6613246808274
5001 1280.4668995735417
5101 1281.2723878660656
5201 1282.0777885625646
5301 1282.8831006682306
5401 1283.6883231892825
5501 1284.493455132966
5601 1285.2984955075533
5701 1286.103443322344
5801 1286.9082975876643
5901 1287.7130573148668
6001 1288.5177215163314
6101 1289.322289205465
6201 1290.1267593967007
6301 1290.9311311054987
6401 1291.7354033483462
6501 1292.539575142757
6601 1293.343645507272
6701 1294.1476134614584
6801 1294.9514780259108
6901 1295.7552382222502
7001 1296.5588930731246
7101 1297.3624416022092
7201 1298.1658828342051
7301 1298.969215794841
7401 1299.7724395108721
7501 1300.5755530100807
7601 1301.3785553212754
7701 1302.1814454742923
7801 1302.9842224999938
7901 1303.7868854302692
8001 1304.589433298035
8101 1305.391865137234
8201 1306.194179982836
8301 1306.9963768708378
8401 1307.7984548382628
8501 1308.6004129231617
8601 1309.4022501646111
8701 1310.2039656027155
8801 1311.0055582786051
8901 1311.807027234438
9001 1312.6083715133984
9101 1313.409590159698
9201 1314.210682218574
9301 1315.011646736292
9401 1315.8124827601437
9501 1316.6131893384475
9601 1317.4137655205486
9701 1318.2142103568194
9801 1319.014522898659
9901 1319.8147021984928
10001 1320.614747309774
10101 1321.4146572869818
10201 1322.2144311856225
10301 1323.0140680622294
10401 1323.8135669743622
10501 1324.6129269806079
10601 1325.41214714058
10701 1326.2112265149187
10801 1327.0101641652916
10901 1327.8089591543926
11001 1328.6076105459424
11101 1329.4061174046892
11201 1330.2044787964069
11301 1331.0026937878972
11401 1331.8007614469884
11501 1332.5986808425353
11601 1333.3964510444196
11701 1334.19407112355
11801 1334.9915401518622
11901 1335.7888572023182
12001 1336.5860213489073
12101 1337.3830316666454
12201 1338.179887231575
12301 1338.976587120766
12401 1339.7731304123147
12501 1340.5695161853441
12601 1341.3657435200043
12701 1342.1618114974726
12801 1342.9577191999522
12901 1343.7534657106735
13001 1344.5490501138943
13101 1345.3444714948987
13201 1346.1397289399972
13301 1346.934821536528
13401 1347.7297483728555
13501 1348.5245085383713
13601 1349.3191011234937
13701 1350.1135252196675
13801 1350.9077799193649
13901 1351.7018643160845
14001 1352.4957775043517
14101 1353.2895185797192
14201 1354.0830866387662
14301 1354.8764807790983
14401 1355.6697000993486
14501 1356.4627436991766
14601 1357.255610679269
14701 1358.048300141339
14801 1358.840811188127
14901 1359.6331429233994
15001 1360.4252944519503
15101 1361.2172648796004
15201 1362.0090533131968
15301 1362.800658860614
15401 1363.5920806307531
15501 1364.3833177335416
15601 1365.1743692799346
15701 1365.9652343819134
15801 1366.7559121524866
15901 1367.546401705689
16001 1368.336702156583
16101 1369.1268126212572
16201 1369.916732216827
16301 1370.7064600614353
16401 1371.495995274251
16501 1372.2853369754707
16601 1373.0744842863169
16701 1373.8634363290394
16801 1374.6521922269148
16901 1375.4407511042466
17001 1376.2291120863651
17101 1377.017274299627
17201 1377.8052368714164
17301 1378.592998930144
17401 1379.380559605247
17501 1380.1679180271904
17601 1380.9550733274646
17701 1381.742024638588
17801 1382.5287710941052
17901 1383.3153118285877
18001 1384.1016459776345
18101 1384.8877726778703
18201 1385.6736910669474
18301 1386.4594002835447
18401 1387.2448994673678
18501 1388.0301877591496
18601 1388.815264300649
18701 1389.6001282346524
18801 1390.384778704973
18901 1391.1692148564505
19001 1391.9534358349515
19101 1392.7374407873695
19201 1393.5212288616246
19301 1394.3047992066645
19401 1395.0881509724625
19501 1395.8712833100199
19601 1396.6541953713638
19701 1397.4368863095492
19801 1398.2193552786568
19901 1399.001601433795
20001 1399.7836239310984
20101 1400.565421927729
20201 1401.3469945818752
20301 1402.1283410527524
20401 1402.9094605006026
20501 1403.690352086695
20601 1404.4710149733253
20701 1405.251448323816
20801 1406.031651302517
20901 1406.8116230748042
21001 1407.5913628070807
21101 1408.3708696667768
21201 1409.1501428223487
21301 1409.9291814432804
21401 1410.707984700082
21501 1411.486551764291
21601 1412.2648818084715
21701 1413.042974006214
21801 1413.8208275321365
21901 1414.5984415618832
22001 1415.3758152721257
22101 1416.1529478405619
22201 1416.929838445917
22301 1417.7064862679426
22401 1418.4828904874175
22501 1419.2590502861472
22601 1420.0349648469637
22701 1420.8106333537262
22801 1421.5860549913207
22901 1422.3612289456596
23001 1423.136154403683
23101 1423.9108305533568
23201 1424.6852565836743
23301 1425.4594316846558
23401 1426.2333550473477
23501 1427.0070258638239
23601 1427.780443327185
23701 1428.5536066315578
23801 1429.3265149720971
23901 1430.0991675449836
24001 1430.8715635474248
24101 1431.6437021776558
24201 1432.4155826349374
24301 1433.1872041195584
24401 1433.9585658328335
24501 1434.7296669771047
24601 1435.5005067557408
24701 1436.2710843731372
24801 1437.0413990347163
24901 1437.8114499469273
25001 1438.581236317246
25101 1439.3507573541756
25201 1440.1200122672453
25301 1440.889000267012
25401 1441.6577205650588
25501 1442.4261723739955
25601 1443.1943549074595
25701 1443.9622673801143
25801 1444.7299090076506
25901 1445.4972790067857
26001 1446.2643765952637
26101 1447.0312009918557
26201 1447.79775141636
26301 1448.5640270896006
26401 1449.3300272334293
26501 1450.0957510707246
26601 1450.8611978253916
26701 1451.626366722362
26801 1452.3912569875947
26901 1453.1558678480756
27001 1453.9201985318168
27101 1454.6842482678578
27201 1455.4480162862646
27301 1456.21150181813
27401 1456.9747040955738
27501 1457.7376223517426
27601 1458.5002558208096
27701 1459.2626037379753
27801 1460.0246653394665
27901 1460.786439862537
28001 1461.5479265454676
28101 1462.3091246275658
28201 1463.070033349166
28301 1463.8306519516289
28401 1464.5909796773426
28501 1465.3510157697224
28601 1466.110759473209
28701 1466.8702100332716
28801 1467.6293666964052
28901 1468.388228710132
29001 1469.146795323
29101 1469.9050657845862
29201 1470.6630393454925
29301 1471.420715257348
29401 1472.1780927728094
29501 1472.9351711455593
29601 1473.6919496303076
29701 1474.4484274827912
29801 1475.2046039597733
29901 1475.9604783190441
30001 1476.7160498194212
30101 1477.471317720748
30201 1478.2262812838953
30301 1478.9809397707609
30401 1479.7352924442694
30501 1480.4893385683713
30601 1481.2430774080453
30701 1481.996508229296
30801 1482.7496302991551
30901 1483.5024428856811
31001 1484.2549452579594
31101 1485.007136686102
31201 1485.7590164412481
31301 1486.5105837955634
31401 1487.2618380222405
31501 1488.0127783954988
31601 1488.7634041905844
31701 1489.513714683771
31801 1490.2637091523577
31901 1491.0133868746718
32001 1491.7627471300666
32101 1492.5117891989225
32201 1493.260512362647
32301 1494.0089159036736
32401 1494.7569991054634
32501 1495.504761252504
32601 1496.25220163031
32701 1496.9993195254228
32801 1497.7461142254103
32901 1498.4925850188677
33001 1499.2387311954164
33101 1499.9845520457052
33201 1500.7300468614096
33301 1501.4752149352319
33401 1502.2200555609006
33501 1502.9645680331723
33601 1503.7087516478296
33701 1504.4526057016815
33801 1505.196129492565
33901 1505.9393223193429
34001 1506.6821834819052
34101 1507.4247122811687
34201 1508.1669080190773
34301 1508.9087699986012
34401 1509.6502975237377
34501 1510.3914898995113
34601 1511.132346431972
34701 1511.872866428199
34801 1512.6130491962954
34901 1513.3528940453934
35001 1514.0924002856514
35101 1514.8315672282538
35201 1515.5703941854126
35301 1516.308880470367
35401 1517.047025397382
35501 1517.7848282817502
35601 1518.5222884397904
35701 1519.2594051888489
35801 1519.9961778472984
35901 1520.7326057345385
36001 1521.4686881709958
36101 1522.2044244781237
36201 1522.9398139784016
36301 1523.6748559953369
36401 1524.4095498534634
36501 1525.1438948783414
36601 1525.8778903965585
36701 1526.6115357357285
36801 1527.3448302244929
36901 1528.0777731925195
37001 1528.8103639705025
37101 1529.542601890164
37201 1530.274486284252
37301 1531.0060164865413
37401 1531.7371918318345
37501 1532.4680116559598
37601 1533.1984752957733
37701 1533.9285820891569
37801 1534.6583313750202
37901 1535.3877224932994
38001 1536.116754784957
38101 1536.845427591983
38201 1537.5737402573936
38301 1538.3016921252324
38401 1539.0292825405697
38501 1539.7565108495023
38601 1540.483376399154
38701 1541.2098785376754
38801 1541.9360166142442
38901 1542.6617899790645
39001 1543.3871979833675
39101 1544.1122399794108
39201 1544.8369153204799
39301 1545.5612233608854
39401 1546.2851634559665
39501 1547.008734962088
39601 1547.7319372366424
39701 1548.454769638048
39801 1549.1772315257508
39901 1549.899322260223
40001 1550.6210412029643
40101 1551.3423877165008
40201 1552.0633611643852
40301 1552.7839609111977
40401 1553.5041863225447
40501 1554.2240367650595
40601 1554.9435116064026
40701 1555.6626102152609
40801 1556.3813319613485
40901 1557.099676215406
41001 1557.817642349201
41101 1558.535229735528
41201 1559.2524377482077
41301 1559.9692657620888
41401 1560.6857131530458
41501 1561.4017792979803
41601 1562.117463574821
41701 1562.8327653625229
41801 1563.5476840410684
41901 1564.2622189914664
42001 1564.9763695957527
42101 1565.6901352369898
42201 1566.4035152992672
42301 1567.116509167701
42401 1567.8291162284345
42501 1568.5413358686374
42601 1569.2531674765064
42701 1569.964610441265
42801 1570.6756641531638
42901 1571.38632800348
43001 1572.0966013845173
43101 1572.8064836896065
43201 1573.5159743131055
43301 1574.2250726503987
43401 1574.9337780978972
43501 1575.6420900530395
43601 1576.35000791429
43701 1577.057531081141
43801 1577.7646589541107
43901 1578.4713909347445
44001 1579.1777264256148
44101 1579.8836648303206
44201 1580.5892055534878
44301 1581.2943480007689
44401 1581.9990915788437
44501 1582.7034356954182
44601 1583.407379759226
44701 1584.1109231800265
44801 1584.8140653686069
44901 1585.5168057367805
45001 1586.2191436973883
45101 1586.921078664297
45201 1587.622610052401
45301 1588.3237372776211
45401 1589.0244597569051
45501 1589.7247769082273
45601 1590.4246881505896
45701 1591.1241929040198
45801 1591.823290589573
45901 1592.5219806293308
46001 1593.2202624464023
46101 1593.918135464923
46201 1594.6155991100545
46301 1595.312652807987
46401 1596.0092959859355
46501 1596.7055280721434
46601 1597.40134849588
46701 1598.0967566874417
46801 1598.7917520781518
46901 1599.4863341003606
47001 1600.1805021874447
47101 1600.8742557738078
47201 1601.5675942948806
47301 1602.2605171871205
47401 1602.9530238880113
47501 1603.6451138360644
47601 1604.3367864708175
47701 1605.0280412328352
47801 1605.7188775637092
47901 1606.4092949060573
48001 1607.099292703525
48101 1607.788870400784
48201 1608.4780274435332
48301 1609.1667632784981
48401 1609.8550773534314
48501 1610.5429691171119
48601 1611.230438019346
48701 1611.9174835109661
48801 1612.604105043832
48901 1613.2903020708309
49001 1613.9760740458753
49101 1614.6614204239058
49201 1615.3463406608892
49301 1616.0308342138192
49401 1616.7149005407168
49501 1617.398539100629
49601 1618.0817493536304
49701 1618.7645307608218
49801 1619.4468827843316
49901 1620.128804887314
50001 1620.8102965339506
50101 1621.4913571894501
50201 1622.1719863200476
50301 1622.852183393005
50401 1623.531947876611
50501 1624.2112792401817
50601 1624.8901769540594
50701 1625.5686404896132
50801 1626.2466693192393
50901 1626.924262916361
51001 1627.6014207554279
51101 1628.2781423119163
51201 1628.9544270623298
51301 1629.630274484199
51401 1630.3056840560803
51501 1630.9806552575583
51601 1631.655187569243
51701 1632.3292804727726
51801 1633.002933450811
51901 1633.6761459870495
52001 1634.3489175662062
52101 1635.0212476740257
52201 1635.69313579728
52301 1636.3645814237673
52401 1637.035584042313
52501 1637.7061431427692
52601 1638.3762582160145
52701 1639.0459287539552
52801 1639.7151542495235
52901 1640.383934196679
53001 1641.0522680904078
53101 1641.720155426723
53201 1642.3875957026644
53301 1643.0545884162989
53401 1643.7211330667196
53501 1644.3872291540474
53601 1645.052876179429
53701 1645.7180736450384
53801 1646.3828210540767
53901 1647.0471179107712
54001 1647.7109637203766
54101 1648.374357989174
54201 1649.0373002244717
54301 1649.6997899346043
54401 1650.3618266289336
54501 1651.0234098178485
54601 1651.684539012764
54701 1652.3452137261224
54801 1653.0054334713927
54901 1653.6651977630709
55001 1654.3245061166795
55101 1654.983358048768
55201 1655.6417530769127
55301 1656.2996907197169
55401 1656.9571704968105
55501 1657.6141919288502
55601 1658.2707545375197
55701 1658.9268578455292
55801 1659.5825013766162
55901 1660.2376846555444
56001 1660.8924072081052
56101 1661.546668561116
56201 1662.2004682424213
56301 1662.8538057808928
56401 1663.5066807064281
56501 1664.1590925499527
56601 1664.8110408434184
56701 1665.4625251198036
56801 1666.1135449131139
56901 1666.7640997583812
57001 1667.4141891916652
57101 1668.0638127500517
57201 1668.7129699716534
57301 1669.3616603956098
57401 1670.009883562087
57501 1670.6576390122789
57601 1671.304926288405
57701 1671.9517449337127
57801 1672.598094492475
57901 1673.243974509993
58001 1673.8893845325938
58101 1674.5343241076314
58201 1675.1787927834869
58301 1675.8227901095684
58401 1676.46631563631
58501 1677.1093689151735
58601 1677.7519494986473
58701 1678.394056940246
58801 1679.0356907945118
58901 1679.6768506170135
59001 1680.3175359643465
59101 1680.9577463941332
59201 1681.597481465023
59301 1682.2367407366917
59401 1682.8755237698422
59501 1683.513830126204
59601 1684.1516593685342
59701 1684.7890110606154
59801 1685.4258847672581
59901 1686.0622800542992
60001 1686.6981964886022
60101 1687.3336336380582
60201 1687.9685910715843
60301 1688.603068359125
60401 1689.2370650716512
60501 1689.8705807811605
60601 1690.503615060678
60701 1691.136167484255
60801 1691.7682376269704
60901 1692.3998250649288
61001 1693.0309293752623
61101 1693.6615501361298
61201 1694.291686926717
61301 1694.9213393272362
61401 1695.5505069189267
61501 1696.179189284055
61601 1696.8073860059135
61701 1697.435096668822
61801 1698.0623208581278
61901 1698.6890581602036
62001 1699.3153081624496
62101 1699.9410704532934
62201 1700.5663446221881
62301 1701.191130259615
62401 1701.8154269570816
62501 1702.4392343071218
62601 1703.0625519032972
62701 1703.6853793401954
62801 1704.3077162134314
62901 1704.929562119647
63001 1705.5509166565105
63101 1706.171779422717
63201 1706.7921500179887
63301 1707.4120280430745
63401 1708.0314130997504
63501 1708.6503047908184
63601 1709.2687027201084
63701 1709.8866064924764
63801 1710.5040157138053
63901 1711.1209299910051
64001 1711.7373489320128
64101 1712.3532721457912
64201 1712.968699242331
64301 1713.5836298326494
64401 1714.19806352879
64501 1714.811999943824
64601 1715.425438691849
64701 1716.038379387989
64801 1716.6508216483955
64901 1717.2627650902466
65001 1717.8742093317471
65101 1718.485153992129
65201 1719.0955986916504
65301 1719.7055430515968
65401 1720.3149866942806
65501 1720.9239292430407
65601 1721.5323703222427
65701 1722.1403095572796
65801 1722.7477465745703
65901 1723.3546810015619
66001 1723.9611124667267
66101 1724.5670405995654
66201 1725.1724650306041
66301 1725.7773853913968
66401 1726.3818013145237
66501 1726.9857124335922
66601 1727.5891183832362
66701 1728.1920187991166
66801 1728.794413317921
66901 1729.396301577364
67001 1729.9976832161872
67101 1730.5985578741581
67201 1731.1989251920725
67301 1731.7987848117514
67401 1732.398136376044
67501 1732.9969795288257
67601 1733.5953139149983
67701 1734.1931391804915
67801 1734.7904549722607
67901 1735.387260938289
68001 1735.983556727586
68101 1736.5793419901875
68201 1737.1746163771572
68301 1737.7693795405853
68401 1738.3636311335881
68501 1738.9573708103098
68601 1739.5505982259203
68701 1740.1433130366177
68801 1740.7355148996253
68901 1741.3272034731945
69001 1741.9183784166032
69101 1742.5090393901557
69201 1743.0991860551835
69301 1743.6888180740452
69401 1744.2779351101253
69501 1744.866536827836
69601 1745.454622892616
69701 1746.0421929709307
69801 1746.6292467302728
69901 1747.215783839161
70001 1747.801803967142
70101 1748.3873067847876
70201 1748.9722919636984
70301 1749.5567591765002
70401 1750.140708096847
70501 1750.7241383994183
70601 1751.3070497599213
70701 1751.8894418550894
70801 1752.4713143626836
70901 1753.0526669614915
71001 1753.6334993313267
71101 1754.2138111530307
71201 1754.793602108471
71301 1755.3728718805428
71401 1755.9516201531674
71501 1756.5298466112927
71601 1757.1075509408943
71701 1757.6847328289743
71801 1758.2613919635612
71901 1758.837528033711
72001 1759.4131407295054
72101 1759.9882297420545
72201 1760.562794763494
72301 1761.1368354869865
72401 1761.7103516067225
72501 1762.2833428179179
72601 1762.8558088168165
72701 1763.4277493006884
72801 1763.9991639678306
72901 1764.5700525175666
73001 1765.1404146502477
73101 1765.7102500672509
73201 1766.2795584709806
73301 1766.8483395648682
73401 1767.4165930533713
73501 1767.9843186419753
73601 1768.551516037191
73701 1769.1181849465572
73801 1769.6843250786392
73901 1770.2499361430291
74001 1770.8150178503456
74101 1771.3795699122345
74201 1771.9435920413684
74301 1772.5070839514467
74401 1773.0700453571953
74501 1773.6324759743675
74601 1774.194375519743
74701 1774.7557437111286
74801 1775.3165802673577
74901 1775.8768849082903
75001 1776.436657354814
75101 1776.9958973288421
75201 1777.5546045533163
75301 1778.1127787522032
75401 1778.670419650498
75501 1779.2275269742213
75601 1779.7841004504212
75701 1780.3401398071733
75801 1780.8956447735784
75901 1781.4506150797656
76001 1782.0050504568899
76101 1782.5589506371334
76201 1783.1123153537055
76301 1783.6651443408418
76401 1784.2174373338048
76501 1784.7691940688842
76601 1785.3204142833958
76701 1785.8710977156834
76801 1786.4212441051163
76901 1786.9708531920915
77001 1787.5199247180324
77101 1788.0684584253895
77201 1788.61645405764
77301 1789.1639113592882
77401 1789.7108300758646
77501 1790.257209953927
77601 1790.8030507410597
77701 1791.348352185874
77801 1791.8931140380087
77901 1792.4373360481277
78001 1792.9810179679237
78101 1793.5241595501147
78201 1794.0667605484468
78301 1794.6088207176913
78401 1795.150339813648
78501 1795.6913175931427
78601 1796.2317538140278
78701 1796.7716482351832
78801 1797.3110006165152
78901 1797.8498107189566
79001 1798.3880783044679
79101 1798.9258031360355
79201 1799.4629849776734
79301 1799.999623594422
79401 1800.5357187523482
79501 1801.071270218547
79601 1801.6062777611382
79701 1802.1407411492705
79801 1802.674660153118
79901 1803.2080345438821
80001 1803.7408640937915
80101 1804.2731485761008
80201 1804.8048877650917
80301 1805.3360814360735
80401 1805.8667293653812
80501 1806.3968313303772
80601 1806.926387109451
80701 1807.4553964820184
80801 1807.9838592285219
80901 1808.5117751304315
81001 1809.0391439702437
81101 1809.5659655314814
81201 1810.092239598695
81301 1810.6179659574614
81401 1811.1431443943843
81501 1811.667774697094
81601 1812.1918566542483
81701 1812.7153900555313
81801 1813.2383746916537
81901 1813.7608103543537
82001 1814.2826968363956
82101 1814.8040339315717
82201 1815.3248214346995
82301 1815.8450591416245
82401 1816.3647468492181
82501 1816.88388435538
82601 1817.4024714590353
82701 1817.9205079601365
82801 1818.4379936596629
82901 1818.9549283596202
83001 1819.4713118630416
83101 1819.9871439739873
83201 1820.502424497543
83301 1821.0171532398224
83401 1821.5313300079656
83501 1822.04495461014
83601 1822.558026855539
83701 1823.0705465543833
83801 1823.5825135179207
83901 1824.093927558425
84001 1824.6047884891977
84101 1825.1150961245667
84201 1825.6248502798862
84301 1826.1340507715386
84401 1826.642697416932
84501 1827.1507900345014
84601 1827.6583284437093
84701 1828.165312465044
84801 1828.6717419200218
84901 1829.1776166311847
85001 1829.682936422102
85101 1830.1877011173706
85201 1830.6919105426127
85301 1831.1955645244786
85401 1831.6986628906448
85501 1832.2012054698143
85601 1832.703192091718
85701 1833.2046225871127
85801 1833.7054967877825
85901 1834.2058145265378
86001 1834.7055756372165
86101 1835.2047799546826
86201 1835.7034273148279
86301 1836.2015175545698
86401 1836.6990505118536
86501 1837.1960260256506
86601 1837.6924439359595
86701 1838.188304083806
86801 1838.6836063112414
86901 1839.1783504613454
87001 1839.6725363782234
87101 1840.1661639070082
87201 1840.659232893859
87301 1841.1517431859625
87401 1841.6436946315312
87501 1842.135087079805
87601 1842.6259203810514
87701 1843.1161943865632
87801 1843.6059089486607
87901 1844.0950639206917
88001 1844.5836591570296
88101 1845.0716945130757
88201 1845.5591698452572
88301 1846.0460850110292
88401 1846.5324398688722
88501 1847.018234278295
88601 1847.503468099832
88701 1847.9881411950455
88801 1848.4722534265238
88901 1848.955804657882
89001 1849.438794753763
89101 1849.9212235798352
89201 1850.403091002795
89301 1850.8843968903648
89401 1851.3651411112942
89501 1851.8453235353593
89601 1852.3249440333636
89701 1852.8040024771371
89801 1853.2824987395363
89901 1853.7604326944452
90001 1854.2378042167738
90101 1854.7146131824597
90201 1855.1908594684671
90301 1855.6665429527866
90401 1856.141663514436
90501 1856.61622103346
90601 1857.09021539093
90701 1857.5636464689442
90801 1858.0365141506272
90901 1858.5088183201315
91001 1858.9805588626355
91101 1859.4517356643446
91201 1859.922348612491
91301 1860.3923975953344
91401 1860.8618825021604
91501 1861.3308032232815
91601 1861.7991596500378
91701 1862.2669516747953
91801 1862.7341791909475
91901 1863.2008420929146
92001 1863.6669402761434
92101 1864.1324736371075
92201 1864.5974420733073
92301 1865.0618454832706
92401 1865.525683766551
92501 1865.9889568237304
92601 1866.4516645564156
92701 1866.9138068672419
92801 1867.3753836598707
92901 1867.8363948389901
93001 1868.2968403103152
93101 1868.756719980588
93201 1869.2160337575776
93301 1869.6747815500794
93401 1870.1329632679153
93501 1870.5905788219352
93601 1871.0476281240149
93701 1871.5041110870573
93801 1871.960027624992
93901 1872.4153776527755
94001 1872.8701610863914
94101 1873.3243778428496
94201 1873.778027840187
94301 1874.2311109974676
94401 1874.6836272347823
94501 1875.135576473248
94601 1875.5869586350095
94701 1876.0377736432374
94801 1876.4880214221298
94901 1876.9377018969117
95001 1877.3868149938342
95101 1877.835360640176
95201 1878.2833387642422
95301 1878.730749295365
95401 1879.1775921639032
95501 1879.6238673012422
95601 1880.069574639795
95701 1880.5147141130005
95801 1880.9592856553247
95901 1881.403289202261
96001 1881.846724690329
96101 1882.2895920570752
96201 1882.7318912410733
96301 1883.1736221819233
96401 1883.6147848202522
96501 1884.0553790977146
96601 1884.4954049569901
96701 1884.9348623417873
96801 1885.3737511968397
96901 1885.812071467909
97001 1886.249823101783
97101 1886.6870060462768
97201 1887.1236202502316
97301 1887.5596656635164
97401 1887.9951422370261
97501 1888.4300499226829
97601 1888.8643886734358
97701 1889.2981584432607
97801 1889.7313591871598
97901 1890.163990861163
98001 1890.5960534223263
98101 1891.0275468287325
98201 1891.4584710394918
98301 1891.888826014741
98401 1892.318611715643
98501 1892.7478281043889
98601 1893.1764751441951
98701 1893.6045527993065
98801 1894.0320610349931
98901 1894.4589998175534
99001 1894.8853691143108
99101 1895.3111688936172
99201 1895.7363991248503
99301 1896.1610597784156
99401 1896.5851508257447
99501 1897.0086722392957
99601 1897.4316239925543
99701 1897.8540060600326
99801 1898.2758184172699
99901 1898.6970610408318
100001 1899.117733908311
100101 1899.5378369983273
100201 1899.9573702905266
100301 1900.3763337655823
100401 1900.794727405194
100501 1901.212551192089
100601 1901.6298051100207
100701 1902.0464891437691
100801 1902.4626032791423
100901 1902.8781475029737
101001 1903.2931218031244
101101 1903.7075261684822
101201 1904.1213605889618
101301 1904.5346250555042
101401 1904.9473195600776
101501 1905.3594440956772
101601 1905.770998656325
101701 1906.181983237069
101801 1906.5923978339854
101901 1907.002242444176
102001 1907.4115170657706
102101 1907.8202216979241
102201 1908.22835634082
102301 1908.6359209956677
102401 1909.0429156647037
102501 1909.449340351191
102601 1909.85519505942
102701 1910.2604797947074
102801 1910.6651945633967
102901 1911.0693393728584
103001 1911.4729142314904
103101 1911.8759191487163
103201 1912.2783541349875
103301 1912.6802192017815
103401 1913.0815143616028
103501 1913.4822396279833
103601 1913.882395015481
103701 1914.2819805396812
103801 1914.6809962171956
103901 1915.079442065663
104001 1915.477318103749
104101 1915.874624351146
104201 1916.271360828573
104301 1916.6675275577763
104401 1917.0631245615286
104501 1917.4581518636296
104601 1917.852609488906
104701 1918.2464974632107
104801 1918.6398158134243
104901 1919.0325645674538
105001 1919.4247437542326
105101 1919.8163534037212
105201 1920.2073935469075
105301 1920.5978642158054
105401 1920.9877654434563
105501 1921.3770972639277
105601 1921.7658597123148
105701 1922.1540528247388
105801 1922.5416766383478
105901 1922.9287311913176
106001 1923.31521652285
106101 1923.7011326731738
106201 1924.0864796835444
106301 1924.4712575962449
106401 1924.8554664545838
106501 1925.2391063028979
106601 1925.6221771865496
106701 1926.004679151929
106801 1926.3866122464528
106901 1926.767976518564
107001 1927.1487720177333
107101 1927.5289987944573
107201 1927.9086569002602
107301 1928.2877463876926
107401 1928.6662673103317
107501 1929.0442197227826
107601 1929.4216036806756
107701 1929.7984192406693
107801 1930.1746664604484
107901 1930.5503453987244
108001 1930.9254561152356
108101 1931.2999986707478
108201 1931.6739731270525
108301 1932.0473795469688
108401 1932.420217994343
108501 1932.7924885340467
108601 1933.16419123198
108701 1933.535326155069
108801 1933.9058933712663
108901 1934.2758929495526
109001 1934.6453249599335
109101 1935.0141894734436
109201 1935.3824865621423
109301 1935.7502162991173
109401 1936.1173787584823
109501 1936.4839740153782
109601 1936.8500021459727
109701 1937.2154632274598
109801 1937.5803573380613
109901 1937.944684557025
110001 1938.3084449646258
110101 1938.6716386421656
110201 1939.0342656719727
110301 1939.3963261374026
110401 1939.7578201228375
110501 1940.1187477136864
110601 1940.479108996385
110701 1940.838904058396
110801 1941.1981329882092
110901 1941.5567958753406
111001 1941.9148928103332
111101 1942.2724238847572
111201 1942.6293891912092
111301 1942.985788823313
111401 1943.3416228757187
111501 1943.6968914441038
111601 1944.0515946251721
111701 1944.405732516655
111801 1944.7593052173095
111901 1945.1123128269205
112001 1945.4647554462993
112101 1945.816633177284
112201 1946.1679461227397
112301 1946.5186943865583
112401 1946.8688780736582
112501 1947.218497289985
112601 1947.5675521425107
112701 1947.9160427392349
112801 1948.2639691891832
112901 1948.6113316024082
113001 1948.9581300899897
113101 1949.3043647640343
113201 1949.6500357376747
113301 1949.995143125071
113401 1950.3396870414106
113501 1950.6836676029068
113601 1951.0270849268
113701 1951.3699391313576
113801 1951.712230335874
113901 1952.0539586606697
114001 1952.3951242270928
114101 1952.7357271575179
114201 1953.0757675753464
114301 1953.4152456050065
114401 1953.7541613719534
114501 1954.0925150026687
114601 1954.4303066246616
114701 1954.767536366467
114801 1955.104204357648
114901 1955.4403107287935
115001 1955.7758556115193
115101 1956.1108391384682
115201 1956.4452614433103
115301 1956.779122660742
115401 1957.112422926486
115501 1957.445162377293
115601 1957.7773411509395
115701 1958.1089593862298
115801 1958.4400172229944
115901 1958.7705148020902
116001 1959.100452265402
116101 1959.4298297558407
116201 1959.758647417344
116301 1960.0869053948766
116401 1960.4146038344302
116501 1960.741742883023
116601 1961.0683226887004
116701 1961.3943434005341
116801 1961.7198051686232
116901 1962.0447081440932
117001 1962.3690524790964
117101 1962.6928383268123
117201 1963.0160658414468
117301 1963.338735178233
117401 1963.6608464934307
117501 1963.982399944326
117601 1964.3033956892332
117701 1964.6238338874914
117801 1964.9437146994685
117901 1965.263038286558
118001 1965.5818048111805
118101 1965.9000144367837
118201 1966.2176673278418
118301 1966.534763649856
118401 1966.851303569354
118501 1967.1672872538911
118601 1967.4827148720487
118701 1967.797586593435
118801 1968.1119025886856
118901 1968.4256630294624
119001 1968.7388680884542
119101 1969.051517939377
119201 1969.363612756973
119301 1969.6751527170118
119401 1969.9861379962897
119501 1970.2965687726296
119601 1970.606445224881
119701 1970.9157675329209
119801 1971.224535877653
119901 1971.532750441007
120001 1971.8404114059404
120101 1972.1475189564371
120201 1972.454073277508
120301 1972.7600745551904
120401 1973.065522976549
120501 1973.3704187296748
120601 1973.6747620036858
120701 1973.9785529887272
120801 1974.2817918759706
120901 1974.5844788576146
121001 1974.886614126884
121101 1975.1881978780316
121201 1975.4892303063361
121301 1975.7897116081035
121401 1976.0896419806659
121501 1976.3890216223836
121601 1976.6878507326423
121701 1976.986129511855
121801 1977.2838581614621
121901 1977.5810368839302
122001 1977.8776658827526
122101 1978.1737453624498
122201 1978.4692755285691
122301 1978.7642565876845
122401 1979.0586887473971
122501 1979.352572216334
122601 1979.6459072041503
122701 1979.938693921527
122801 1980.2309325801725
122901 1980.5226233928215
123001 1980.8137665732356
123101 1981.1043623362038
123201 1981.3944108975415
123301 1981.683912474091
123401 1981.972867283721
123501 1982.2612755453279
123601 1982.549137478834
123701 1982.836453305189
123801 1983.1232232463694
123901 1983.4094475253783
124001 1983.6951263662459
124101 1983.9802599940283
124201 1984.2648486348098
124301 1984.548892515701
124401 1984.8323918648389
124501 1985.1153469113879
124601 1985.3977578855386
124701 1985.679625018509
124801 1985.960948542543
124901 1986.241728690913
125001 1986.521965697917
125101 1986.8016597988799
125201 1987.0808112301534
125301 1987.3594202291165
125401 1987.6374870341747
125501 1987.9150118847601
125601 1988.1919950213319
125701 1988.4684366853764
125801 1988.7443371194063
125901 1989.019696566961
126001 1989.294515272607
126101 1989.568793481938
126201 1989.8425314415736
126301 1990.115729399161
126401 1990.3883876033738
126501 1990.6605063039128
126601 1990.9320857515052
126701 1991.203126197905
126801 1991.4736278958937
126901 1991.743591099279
127001 1992.0130160628953
127101 1992.2819030426044
127201 1992.5502522952943
127301 1992.8180640788808
127401 1993.0853386523054
127501 1993.3520762755365
127601 1993.6182772095706
127701 1993.8839417164295
127801 1994.1490700591626
127901 1994.4136625018464
128001 1994.6777193095832
128101 1994.9412407485029
128201 1995.2042270857619
128301 1995.466678589544
128401 1995.7285955290592
128501 1995.9899781745444
128601 1996.2508267972635
128701 1996.5111416695072
128801 1996.770923064593
128901 1997.0301712568653
129001 1997.2888865216946
129101 1997.5470691354797
129201 1997.8047193756452
129301 1998.0618375206418
129401 1998.3184238499493
129501 1998.5744786440719
129601 1998.830002184542
129701 1999.0849947539184
129801 1999.339456635787
129901 1999.5933881147603
130001 1999.8467894764772
130101 2000.0996610076045
130201 2000.3520029958347
130301 2000.603815729888
130401 2000.8550994995107
130501 2001.1058545954766
130601 2001.3560813095855
130701 2001.605779934665
130801 2001.854950764569
130901 2002.1035940941779
131001 2002.3517102193991
131101 2002.5992994371677
131201 2002.8463620454445
131301 2003.0928983432175
131401 2003.338908630502
131501 2003.584393208339
131601 2003.829352378797
131701 2004.073786444972
131801 2004.3176957109858
131901 2004.5610804819873
132001 2004.8039410641522
132101 2005.0462777646837
132201 2005.2880908918105
132301 2005.5293807547891
132401 2005.7701476639027
132501 2006.0103919304613
132601 2006.2501138668013
132701 2006.4893137862864
132801 2006.727992003307
132901 2006.9661488332804
133001 2007.2037845926504
133101 2007.4408995988879
133201 2007.6774941704907
133301 2007.913568626983
133401 2008.1491232889166
133501 2008.3841584778688
133601 2008.6186745164455
133701 2008.8526717282775
133801 2009.0861504380243
133901 2009.319110971371
134001 2009.5515536550297
134101 2009.7834788167393
134201 2010.0148867852658
134301 2010.2457778904022
134401 2010.476152462968
134501 2010.7060108348091
134601 2010.9353533387991
134701 2011.1641803088378
134801 2011.392492079852
134901 2011.6202889877954
135001 2011.8475713696484
135101 2012.0743395634183
135201 2012.3005939081393
135301 2012.5263347438722
135401 2012.751562411705
135501 2012.976277253752
135601 2013.2004796131546
135701 2013.4241698340809
135801 2013.6473482617264
135901 2013.8700152423125
136001 2014.092171123088
136101 2014.3138162523287
136201 2014.5349509793364
136301 2014.7555756544407
136401 2014.9756906289974
136501 2015.1952962553892
136601 2015.414392887026
136701 2015.632980878344
136801 2015.8510605848064
136901 2016.0686323629034
137001 2016.2856965701517
137101 2016.5022535650955
137201 2016.718303707305
137301 2016.9338473573775
137401 2017.1488848769377
137501 2017.3634166286358
137601 2017.5774429761505
137701 2017.790964284186
137801 2018.0039809184732
137901 2018.2164932457717
138001 2018.4285016338654
138101 2018.6400064515674
138201 2018.8510080687156
138301 2019.0615068561758
138401 2019.2715031858406
138501 2019.480997430629
138601 2019.689989964487
138701 2019.898481162388
138801 2020.106471400331
138901 2020.3139610553435
139001 2020.5209505054777
139101 2020.7274401298146
139201 2020.9334303084606
139301 2021.13892142255
139401 2021.343913854243
139501 2021.5484079867274
139601 2021.7524042042178
139701 2021.9559028919546
139801 2022.158904436206
139901 2022.361409224267
140001 2022.5634176444587
140101 2022.7649300861297
140201 2022.9659469396552
140301 2023.1664685964374
140401 2023.366495448905
140501 2023.5660278905143
140601 2023.7650663157465
140701 2023.9636111201119
140801 2024.1616627001463
140901 2024.3592214534128
141001 2024.5562877785014
141101 2024.7528620750284
141201 2024.9489447436372
141301 2025.1445361859983
141401 2025.3396368048086
141501 2025.5342470037922
141601 2025.7283671876994
141701 2025.9219977623084
141801 2026.1151391344229
141901 2026.3077917118744
142001 2026.4999559035214
142101 2026.691632119248
142201 2026.8828207699662
142301 2027.0735222676142
142401 2027.2637370251575
142501 2027.4534654565884
142601 2027.6427079769257
142701 2027.831465002215
142801 2028.0197369495295
142901 2028.2075242369679
143001 2028.3948272836565
143101 2028.5816465097487
143201 2028.7679823364244
143301 2028.95383518589
143401 2029.1392054813791
143501 2029.3240936471525
143601 2029.5085001084967
143701 2029.692425291726
143801 2029.8758696241812
143901 2030.05883353423
144001 2030.2413174512672
144101 2030.4233218057132
144201 2030.6048470290166
144301 2030.7858935536526
144401 2030.9664618131226
144501 2031.1465522419553
144601 2031.326165275706
144701 2031.5053013509566
144801 2031.6839609053168
144901 2031.8621443774223
145001 2032.0398522069354
145101 2032.2170848345459
145201 2032.3938427019702
145301 2032.5701262519515
145401 2032.745935928259
145501 2032.9212721756908
145601 2033.0961354400692
145701 2033.2705261682454
145801 2033.4444448080967
145901 2033.617891808527
146001 2033.790867619467
146101 2033.9633726918746
146201 2034.1354074777346
146301 2034.306972430058
146401 2034.478068002883
146501 2034.648694651275
146601 2034.8188528313253
146701 2034.9885430001532
146801 2035.1577656159036
146901 2035.3265211377488
147001 2035.494810025889
147101 2035.6626327415486
147201 2035.8299897469813
147301 2035.9968815054663
147401 2036.1633084813104
147501 2036.3292711398467
147601 2036.494769947435
147701 2036.6598053714624
147801 2036.824377880343
147901 2036.9884879435165
148001 2037.152136031451
148101 2037.3153226156398
148201 2037.4780481686048
148301 2037.6403131638936
148401 2037.8021180760804
148501 2037.9634633807673
148601 2038.1243495545818
148701 2038.2847770751796
148801 2038.4447464212426
148901 2038.6042580724793
149001 2038.7633125096254
149101 2038.9219102144434
149201 2039.0800516697223
149301 2039.237737359278
149401 2039.3949677679539
149501 2039.5517433816194
149601 2039.708064687171
149701 2039.8639321725318
149801 2040.0193463266526
149901 2040.1743076395096
150001 2040.328816602107
150101 2040.4828737064754
150201 2040.6364794456722
150301 2040.7896343137816
150401 2040.9423388059147
150501 2041.0945934182096
150601 2041.2463986478306
150701 2041.39775499297
150801 2041.5486629528452
150901 2041.6991230277022
151001 2041.8491357188127
151101 2041.9987015284755
151201 2042.1478209600164
151301 2042.2964945177876
151401 2042.4447227071687
151501 2042.5925060345658
151601 2042.7398450074115
151701 2042.8867401341663
151801 2043.033191924316
151901 2043.1792008883745
152001 2043.3247675378818
152101 2043.4698923854053
152201 2043.6145759445385
152301 2043.758818729902
152401 2043.9026212571441
152501 2044.0459840429385
152601 2044.1889076049865
152701 2044.3313924620156
152801 2044.4734391337818
152901 2044.615048141066
153001 2044.7562200056764
153101 2044.8969552504489
153201 2045.0372543992453
153301 2045.1771179769542
153401 2045.3165465094917
153501 2045.455540523801
153601 2045.5941005478503
153701 2045.7322271106366
153801 2045.8699207421823
153901 2046.0071819735383
154001 2046.1440113367803
154101 2046.2804093650125
154201 2046.4163765923647
154301 2046.5519135539944
154401 2046.6870207860852
154501 2046.8216988258482
154601 2046.955948211521
154701 2047.089769482368
154801 2047.2231631786804
154901 2047.3561298417762
155001 2047.488670014001
155101 2047.6207842387253
155201 2047.7524730603486
155301 2047.883737024296
155401 2048.0145766770197
155501 2048.1449925659986
155601 2048.2749852397387
155701 2048.404555247773
155801 2048.53370314066
155901 2048.662429469987
156001 2048.7907347883665
156101 2048.9186196494384
156201 2049.0460846078704
156301 2049.173130219355
156401 2049.2997570406133
156501 2049.425965629392
156601 2049.551756544466
156701 2049.6771303456353
156801 2049.8020875937277
156901 2049.9266288505987
157001 2050.050754679128
157101 2050.1744656432256
157201 2050.2977623078255
157301 2050.4206452388894
157401 2050.5431150034065
157501 2050.6651721693916
157601 2050.7868173058873
157701 2050.908050982963
157801 2051.0288737717137
157901 2051.1492862442633
158001 2051.269288973761
158101 2051.388882534383
158201 2051.5080675013323
158301 2051.6268444508396
158401 2051.7452139601614
158501 2051.8631766075814
158601 2051.98073297241
158701 2052.0978836349846
158801 2052.2146291766694
158901 2052.3309701798553
159001 2052.4469072279603
159101 2052.562440905429
159201 2052.677571797732
159301 2052.792300491369
159401 2052.906627573864
159501 2053.0205536337694
159601 2053.134079260664
159701 2053.247205045153
159801 2053.359931578869
159901 2053.4722594544705
160001 2053.5841892656445
160101 2053.6957216071037
160201 2053.8068570745877
160301 2053.9175962648624
160401 2054.0279397757217
160501 2054.1378882059857
160601 2054.247442155501
160701 2054.3566022251416
160801 2054.465369016808
160901 2054.5737431334283
161001 2054.6817251789557
161101 2054.7893157583717
161201 2054.8965154776843
161301 2055.003324943928
161401 2055.1097447651646
161501 2055.2157755504822
161601 2055.321417909996
161701 2055.426672454848
161801 2055.531539797207
161901 2055.636020550269
162001 2055.7401153282563
162101 2055.843824746418
162201 2055.94714942103
162301 2056.0500899693957
162401 2056.1526470098443
162501 2056.254821161733
162601 2056.3566130454456
162701 2056.4580232823905
162801 2056.5590524950067
162901 2056.6597013067567
163001 2056.7599703421324
163101 2056.85986022665
163201 2056.959371586855
163301 2057.0585050503178
163401 2057.1572612456366
163501 2057.2556408024366
163601 2057.3536443513685
163701 2057.4512725241116
163801 2057.5485259533707
163901 2057.6454052728777
164001 2057.741911117392
164101 2057.8380441226996
164201 2057.933804925612
164301 2058.02919416397
164401 2058.124212476638
164501 2058.2188605035108
164601 2058.313138885507
164701 2058.407048264574
164801 2058.500589283685
164901 2058.59376258684
165001 2058.686568819067
165101 2058.7790086264185
165201 2058.871082655977
165301 2058.9627915558485
165401 2059.0541359751687
165501 2059.1451165640983
165601 2059.2357339738255
165701 2059.325988856565
165801 2059.4158818655583
165901 2059.5054136550743
166001 2059.5945848804085
166101 2059.6833961978828
166201 2059.771848264846
166301 2059.8599417396745
166401 2059.94767728177
166501 2060.0350555515633
166601 2060.12207721051
166701 2060.2087429210924
166801 2060.2950533468215
166901 2060.381009152234
167001 2060.466611002893
167101 2060.5518595653893
167201 2060.63675550734
167301 2060.721299497389
167401 2060.805492205207
167501 2060.889334301492
167601 2060.972826457969
167701 2061.055969347388
167801 2061.1387636435284
167901 2061.2212100211946
168001 2061.3033091562183
168101 2061.3850617254584
168201 2061.4664684068007
168301 2061.5475298791566
168401 2061.628246822466
168501 2061.708619917694
168601 2061.788649846834
168701 2061.868337292905
168801 2061.947682939954
168901 2062.026687473054
169001 2062.1053515783046
169101 2062.1836759428334
169201 2062.261661254793
169301 2062.339308203365
169401 2062.416617478756
169501 2062.4935897722003
169601 2062.5702257759585
169701 2062.6465261833196
169801 2062.722491688597
169901 2062.7981229871325
170001 2062.8734207752946
170101 2062.9483857504774
170201 2063.023018611104
170301 2063.0973200566227
170401 2063.171290787509
170501 2063.2449315052645
170601 2063.31824291242
170701 2063.3912257125294
170801 2063.4638806101775
170901 2063.536208310973
171001 2063.6082095215525
171101 2063.6798849495794
171201 2063.7512353037437
171301 2063.822261293762
171401 2063.8929636303783
171501 2063.9633430253634
171601 2064.033400191515
171701 2064.1031358426562
171801 2064.172550693639
171901 2064.2416454603413
172001 2064.310420859667
172101 2064.378877609548
172201 2064.447016428943
172301 2064.514838037837
172401 2064.582343157241
172501 2064.6495325091955
172601 2064.716406816765
172701 2064.782966804042
172801 2064.8492131961466
172901 2064.9151467192237
173001 2064.9807681004468
173101 2065.046078068016
173201 2065.111077351157
173301 2065.1757666801236
173401 2065.2401467861964
173501 2065.3042184016817
173601 2065.367982259914
173701 2065.431439095253
173801 2065.4945896430877
173901 2065.557434639831
174001 2065.6199748229246
174101 2065.682210930837
174201 2065.744143703062
174301 2065.8057738801217
174401 2065.867102203564
174501 2065.9281294159655
174601 2065.9888562609267
174701 2066.0492834830775
174801 2066.1094118280726
174901 2066.1692420425957
175001 2066.2287748743556
175101 2066.2880110720885
175201 2066.346951385557
175301 2066.405596565552
175401 2066.463947363889
175501 2066.522004533412
175601 2066.5797688279918
175701 2066.637241002524
175801 2066.6944218129343
175901 2066.751312016172
176001 2066.807912370216
176101 2066.8642236340693
176201 2066.9202465677645
176301 2066.9759819323585
176401 2067.0314304899366
176501 2067.0865930036107
176601 2067.141470237519
176701 2067.1960629568275
176801 2067.2503719277274
176901 2067.304397917438
177001 2067.358141694205
177101 2067.411604027302
177201 2067.464785687027
177301 2067.5176874447075
177401 2067.570310072695
177501 2067.6226543443718
177601 2067.6747210341423
177701 2067.7265109174414
177801 2067.7780247707287
177901 2067.8292633714923
178001 2067.8802274982454
178101 2067.930917930529
178201 2067.9813354489115
178301 2068.0314808349867
178401 2068.081354871376
178501 2068.1309583417274
178601 2068.1802920307164
178701 2068.229356724044
178801 2068.278153208439
178901 2068.3266822716573
179001 2068.374944702481
179101 2068.422941290719
179201 2068.470672827207
179301 2068.518140103808
179401 2068.5653439134117
179501 2068.612285049934
179601 2068.6589643083184
179701 2068.7053824845348
179801 2068.7515403755797
179901 2068.7974387794775
180001 2068.843078495278
180101 2068.888460323059
180201 2068.933585063924
180301 2068.9784535200047
180401 2069.023066494458
180501 2069.067424791469
180601 2069.111529216249
180701 2069.1553805750364
180801 2069.198979675096
180901 2069.2423273247196
181001 2069.285424333226
181101 2069.328271510961
181201 2069.3708696692966
181301 2069.413219620632
181401 2069.455322178393
181501 2069.4971781570325
181601 2069.5387883720305
181701 2069.5801536398935
181801 2069.6212747781537
181901 2069.6621526053727
182001 2069.702787941136
182101 2069.7431816060584
182201 2069.7833344217797
182301 2069.823247210968
182401 2069.862920797317
182501 2069.9023560055475
182601 2069.941553661408
182701 2069.980514591673
182801 2070.0192396241437
182901 2070.0577295876483
183001 2070.095985312042
183101 2070.1340076282077
183201 2070.171797368053
183301 2070.2093553645136
183401 2070.246682451553
183501 2070.283779464159
183601 2070.3206472383486
183701 2070.3572866111645
183801 2070.393698420676
183901 2070.4298835059803
184001 2070.465842707201
184101 2070.5015768654866
184201 2070.537086823016
184301 2070.5723734229923
184401 2070.6074375096455
184501 2070.642279928234
184601 2070.676901525042
184701 2070.71130314738
184801 2070.745485643586
184901 2070.7794498630255
185001 2070.81319665609
185101 2070.846726874197
185201 2070.8800413697923
185301 2070.9131409963484
185401 2070.946026608363
185501 2070.978699061363
185601 2071.0111592119
185701 2071.043407917554
185801 2071.0754460369303
185901 2071.107274429663
186001 2071.1388939564113
186101 2071.1703054788613
186201 2071.2015098597276
186301 2071.2325079627494
186401 2071.263300652695
186501 2071.293888795357
186601 2071.3242732575573
186701 2071.354454907142
186801 2071.384434612987
186901 2071.414213244993
187001 2071.443791674087
187101 2071.473170772226
187201 2071.5023514123895
187301 2071.531334468587
187401 2071.5601208158537
187501 2071.588711330252
187601 2071.6171068888707
187701 2071.6453083698248
187801 2071.673316652258
187901 2071.7011326163392
188001 2071.7287571432653
188101 2071.756191115258
188201 2071.7834354155684
188301 2071.8104909284725
188401 2071.8373585392746
188501 2071.864039134304
188601 2071.8905336009193
188701 2071.916842827503
188801 2071.942967703467
188901 2071.968909119248
189001 2071.9946679663117
189101 2072.020245137149
189201 2072.0456415252766
189301 2072.0708580252413
189401 2072.095895532614
189501 2072.1207549439932
189601 2072.145437157005
189701 2072.1699430703006
189801 2072.19427358356
189901 2072.218429597488
190001 2072.2424120138185
190101 2072.2662217353104
190201 2072.2898596657496
190301 2072.3133267099506
190401 2072.336623773752
190501 2072.359751764021
190601 2072.3827115886515
190701 2072.4055041565643
190801 2072.428130377705
190901 2072.45059116305
191001 2072.4728874245984
191101 2072.4950200753788
191201 2072.5169900294454
191301 2072.53879820188
191401 2072.5604455087905
191501 2072.5819328673115
191601 2072.603261195606
191701 2072.6244314128617
191801 2072.6454444392944
191901 2072.6663011961464
192001 2072.6870026056868
192101 2072.7075495912113
192201 2072.727943077043
192301 2072.748183988532
192401 2072.768273252054
192501 2072.788211795012
192601 2072.808000545837
192701 2072.827640433985
192801 2072.8471323899403
192901 2072.8664773452133
193001 2072.885676232341
193101 2072.904729984888
193201 2072.9236395374455
193301 2072.942405825631
193401 2072.961029786089
193501 2072.979512356491
193601 2072.9978544755354
193701 2073.016057082947
193801 2073.034121119479
193901 2073.0520475269086
194001 2073.069837248042
194101 2073.087491226712
194201 2073.1050104077767
194301 2073.1223957371235
194401 2073.139648161665
194501 2073.1567686293397
194601 2073.173758089115
194701 2073.1906174909846
194801 2073.207347785968
194901 2073.2239499261127
195001 2073.240424864492
195101 2073.256773555207
195201 2073.272996953385
195301 2073.2890960151794
195401 2073.3050716977727
195501 2073.320924959372
195601 2073.3366567592125
195701 2073.352268057555
195801 2073.3677598156887
195901 2073.3831329959285
196001 2073.3983885616162
196101 2073.4135274771206
196201 2073.428550707838
196301 2073.4434592201906
196401 2073.4582539816274
196501 2073.4729359606245
196601 2073.4875061266853
196701 2073.5019654503394
196801 2073.5163149031437
196901 2073.5305554576807
197001 2073.5446880875616
197101 2073.5587137674233
197201 2073.5726334729293
197301 2073.5864481807707
197401 2073.6001588686645
197501 2073.6137665153556
197601 2073.6272721006153
197701 2073.640676605241
197801 2073.653981011058
197901 2073.667186300918
198001 2073.6802934586985
198101 2073.6933034693066
198201 2073.7062173186723
198301 2073.7190359937563
198401 2073.7317604825435
198501 2073.7443917740466
198601 2073.756930858305
198701 2073.769378726385
198801 2073.78173637038
198901 2073.794004783409
199001 2073.8061849596193
199101 2073.818277894184
199201 2073.830284583304
199301 2073.8422060242065
199401 2073.854043215145
199501 2073.8657971554007
199601 2073.8774688452804
199701 2073.88905928612
199801 2073.900569480279
199901 2073.912000431147
200001 2073.9233531431382
200101 2073.934628621694
200201 2073.945827873284
200301 2073.956951905403
200401 2073.968001726573
200501 2073.9789783463434
200601 2073.98988277529
200701 2074.000716025015
200801 2074.0114791081483
200901 2074.0221730383464
201001 2074.032798830292
201101 2074.0433574996955
201201 2074.0538500632933
201301 2074.0642775388487
201401 2074.074640945153
201501 2074.0849413020233
201601 2074.0951796303034
201701 2074.1053569518635
201801 2074.1154742896024
201901 2074.1255326674445
202001 2074.1355331103405
202101 2074.1454766442694
202201 2074.1553642962353
202301 2074.1651970942708
202401 2074.1749760674343
202501 2074.184702245811
202601 2074.1943766605136
202701 2074.204000343681
202801 2074.213574328479
202901 2074.2230996491007
203001 2074.2325773407656
203101 2074.24200843972
203201 2074.251393983237
203301 2074.260735009617
203401 2074.2700325581864
203501 2074.2792876692993
203601 2074.288501384336
203701 2074.297674745704
203801 2074.3068087968377
203901 2074.3159045821976
204001 2074.3249631472713
204101 2074.333985538574
204201 2074.342972803647
204301 2074.3519259910586
204401 2074.3608461504036
204501 2074.3697343323042
204601 2074.378591588409
204701 2074.387418971394
204801 2074.39621753496
204901 2074.404988333839
205001 2074.4137324237845
205101 2074.4224508615803
205201 2074.431144705036
205301 2074.4398150129887
205401 2074.448462845301
205501 2074.4570892628626
205601 2074.4656953275917
205701 2074.474282102431
205801 2074.482850651352
205901 2074.491402039351
206001 2074.4999373324536
206101 2074.50845759771
206201 2074.5169639031983
206301 2074.525457318023
206401 2074.5339389123164
206501 2074.542409757236
206601 2074.550870924967
206701 2074.5593234887215
206801 2074.5677685227392
206901 2074.5762071022846
207001 2074.5846403036508
207101 2074.593069204157
207201 2074.6014948821494
207301 2074.6099184170002
207401 2074.61834088911
207501 2074.6267633799052
207601 2074.635186971839
207701 2074.643612748392
207801 2074.652041794071
207901 2074.66047519441
208001 2074.6689140359695
208101 2074.677359406337
208201 2074.685812394127
208301 2074.6942740889804
208401 2074.7027455815655
208501 2074.711227963577
208601 2074.7197223277367
208701 2074.7282297677925
208801 2074.7367513785202
208901 2074.745288255722
209001 2074.753841496226
209101 2074.762412197889
209201 2074.7710014595923
209301 2074.7796103812466
209401 2074.7882400637873
209501 2074.796891609178
209601 2074.805566120408
209701 2074.8142647014943
209801 2074.8229884574803
209901 2074.8317384944357
210001 2074.840515919459
210101 2074.849321840673
210201 2074.858157367229
210301 2074.8670236093044
210401 2074.8759216781036
210501 2074.8848526858583
210601 2074.893817745826
210701 2074.902817972292
210801 2074.9118544805674
210901 2074.9209283869914
211001 2074.9300408089293
211101 2074.939192864773
211201 2074.9483856739416
211301 2074.957620356881
211401 2074.966898035064
211501 2074.9762198309895
211601 2074.9855868681843
211701 2074.995000271201
211801 2075.0044611656213
211901 2075.013970678049
212001 2075.02352993612
212101 2075.0331400684945
212201 2075.0428022048586
212301 2075.052517475927
212401 2075.0622870134403
212501 2075.072111950167
212601 2075.0819934199008
212701 2075.091932557463
212801 2075.1019304987026
212901 2075.1119883804936
213001 2075.1221073407382
213101 2075.1322885183654
213201 2075.14253305333
213301 2075.152842086615
213401 2075.1632167602284
213501 2075.1736582172075
213601 2075.184167601614
213701 2075.194746058538
213801 2075.205394734095
213901 2075.2161147754296
214001 2075.226907330711
214101 2075.2377735491364
214201 2075.2487145809287
214301 2075.259731577339
214401 2075.2708256906453
214501 2075.28199807415
214601 2075.2932498821856
214701 2075.304582270109
214801 2075.315996394306
214901 2075.3274934121864
215001 2075.3390744821895
215101 2075.35074076378
215201 2075.3624934174495
215301 2075.374333604718
215401 2075.3862624881294
215501 2075.398281231257
215601 2075.4103909987
215701 2075.4225929560844
215801 2075.4348882700624
215901 2075.447278108314
216001 2075.4597636395465
216101 2075.4723460334917
216201 2075.4850264609104
216301 2075.49780609359
216401 2075.510686104344
216501 2075.523667667013
216601 2075.536751956464
216701 2075.5499401485913
216801 2075.563233420316
216901 2075.5766329495864
217001 2075.590139915377
217101 2075.6037554976892
217201 2075.6174808775513
217301 2075.6313172370187
217401 2075.6452657591726
217501 2075.6593276281233
217601 2075.673504029005
217701 2075.6877961479813
217801 2075.70220517224
217901 2075.7167322899986
218001 2075.7313786904997
218101 2075.7461455640123
218201 2075.761034101834
218301 2075.776045496287
218401 2075.791180940723
218501 2075.806441629518
218601 2075.8218287580758
218701 2075.8373435228277
218801 2075.852987121231
218901 2075.868760751769
219001 2075.8846656139544
219101 2075.900702908324
219201 2075.9168738364433
219301 2075.9331796009037
219401 2075.949621405324
219501 2075.966200454348
219601 2075.9829179536496
219701 2075.9997751099263
219801 2076.016773130905
219901 2076.033913225338
220001 2076.0511966030035
220101 2076.068624474709
220201 2076.086198052287
220301 2076.103918548597
220401 2076.121787177526
220501 2076.1398051539877
220601 2076.157973693922
220701 2076.1762940142967
220801 2076.1947673331047
220901 2076.213394869367
221001 2076.2321778431324
221101 2076.251117475474
221201 2076.2702149884935
221301 2076.2894716053183
221401 2076.3088885501047
221501 2076.328467048033
221601 2076.348208325312
221701 2076.368113609178
221801 2076.388184127892
221901 2076.408421110744
222001 2076.4288257880485
222101 2076.449399391149
222201 2076.4701431524154
222301 2076.491058305243
222401 2076.5121460840555
222501 2076.5334077243024
222601 2076.554844462461
222701 2076.576457536034
222801 2076.5982481835526
222901 2076.6202176445736
223001 2076.6423671596813
223101 2076.6646979704865
223201 2076.687211319627
223301 2076.7099084507663
223401 2076.732790608597
223501 2076.755859038837
223601 2076.7791149882305
223701 2076.80255970455
223801 2076.826194436594
223901 2076.8500204341876
224001 2076.8740389481836
224101 2076.8982512304606
224201 2076.9226585339243
224301 2076.9472621125083
224401 2076.9720632211715
224501 2076.9970631159
224601 2077.022263053708
224701 2077.047664292634
224801 2077.0732680917463
224901 2077.099075711138
225001 2077.125088411929
225101 2077.151307456268
225201 2077.1777341073275
225301 2077.2043696293094
225401 2077.231215287441
225501 2077.2582723479777
225601 2077.2855420782
225701 2077.3130257464168
225801 2077.340724621962
225901 2077.3686399751996
226001 2077.3967730775157
226101 2077.425125201328
226201 2077.4536976200775
226301 2077.482491608234
226401 2077.5115084412932
226501 2077.540749395778
226601 2077.5702157492383
226701 2077.59990878025
226801 2077.629829768417
226901 2077.6599799943688
227001 2077.6903607397626
227101 2077.7209732872825
227201 2077.751818920638
227301 2077.7828989245677
227401 2077.814214584835
227501 2077.845767188232
227601 2077.8775580225747
227701 2077.9095883767095
227801 2077.941859540507
227901 2077.974372804866
228001 2078.0071294617114
228101 2078.0401308039955
228201 2078.073378125696
228301 2078.10687272182
228401 2078.1406158883983
228501 2078.1746089224916
228601 2078.2088531221852
228701 2078.2433497865927
228801 2078.2781002158536
228901 2078.313105711133
229001 2078.3483675746265
229101 2078.383887109553
229201 2078.41966562016
229301 2078.45570441172
229401 2078.4920047905357
229501 2078.5285680639336
229601 2078.5653955402677
229701 2078.6024885289194
229801 2078.6398483402972
229901 2078.677476285835
230001 2078.715373677994
230101 2078.7535418302646
230201 2078.79198205716
230301 2078.8306956742235
230401 2078.869683998023
230501 2078.908948346155
230601 2078.9484900372418
230701 2078.988310390932
230801 2079.028410727903
230901 2079.068792369857
231001 2079.109456639524
231101 2079.1504048606607
231201 2079.1916383580506
231301 2079.233158457504
231401 2079.274966485858
231501 2079.317063770976
231601 2079.3594516417493
231701 2079.4021314280953
231801 2079.445104460958
231901 2079.4883720723096
232001 2079.531935595147
232101 2079.575796363496
232201 2079.6199557124082
232301 2079.6644149779613
232401 2079.7091754972607
232501 2079.754238608439
232601 2079.799605650656
232701 2079.8452779640957
232801 2079.8912568899723
232901 2079.937543770524
233001 2079.984139949018
233101 2080.0310467697464
233201 2080.0782655780295
233301 2080.125797720215
233401 2080.1736445436745
233501 2080.2218073968106
233601 2080.2702876290487
233701 2080.3190865908437
233801 2080.368205633676
233901 2080.4176461100537
234001 2080.467409373511
234101 2080.5174967786093
234201 2080.5679096809367
234301 2080.6186494371077
234401 2080.669717404765
234501 2080.721114942576
234601 2080.7728434102373
234701 2080.8249041684703
234801 2080.8772985790247
234901 2080.930028004676
235001 2080.983093809227
235101 2081.0364973575065
235201 2081.090240015372
235301 2081.144323149706
235401 2081.1987481284186
235501 2081.253516320447
235601 2081.308629095754
235701 2081.364087825331
235801 2081.419893881194
235901 2081.476048636389
236001 2081.532553464985
236101 2081.5894097420814
236201 2081.646618843801
236301 2081.7041821472967
236401 2081.762101030746
236501 2081.8203768733542
236601 2081.879011055353
236701 2081.9380049580013
236801 2081.997359963584
236901 2082.057077455414
237001 2082.1171588178304
237101 2082.1776054361985
237201 2082.238418696912
237301 2082.29959998739
237401 2082.3611506960797
237501 2082.423072212453
237601 2082.485365927011
237701 2082.54803323128
237801 2082.6110755178147
237901 2082.6744941801944
238001 2082.7382906130274
238101 2082.8024662119474
238201 2082.8670223736153
238301 2082.9319604957195
238401 2082.997281976974
238501 2083.0629882171206
238601 2083.1290806169277
238701 2083.1955605781905
238801 2083.262429503731
238901 2083.329688797397
239001 2083.3973398640655
239101 2083.4653841096374
239201 2083.5338229410436
239301 2083.6026577662387
239401 2083.6718899942066
239501 2083.7415210349563
239601 2083.8115522995245
239701 2083.881985199975
239801 2083.952821149398
239901 2084.024061561909
240001 2084.095707852654
240101 2084.167761437802
240201 2084.2402237345514
240301 2084.313096161126
240401 2084.386380136776
240501 2084.4600770817815
240601 2084.534188417446
240701 2084.6087155661007
240801 2084.6836599511043
240901 2084.7590229968428
241001 2084.834806128727
241101 2084.9110107731963
241201 2084.987638357716
241301 2085.06469031078
241401 2085.142168061906
241501 2085.220073041641
241601 2085.2984066815575
241701 2085.3771704142555
241801 2085.4563656733617
241901 2085.53599389353
242001 2085.616056510439
242101 2085.6965549607976
242201 2085.777490682339
242301 2085.8588651138234
242401 2085.9406796950398
242501 2086.0229358668007
242601 2086.1056350709487
242701 2086.188778750351
242801 2086.2723683489035
242901 2086.3564053115265
243001 2086.440891084169
243101 2086.5258271138064
243201 2086.6112148484413
243301 2086.6970557371014
243401 2086.783351229844
243501 2086.8701027777506
243601 2086.957311832931
243701 2087.044979848521
243801 2087.133108278684
243901 2087.2216985786104
244001 2087.310752204516
244101 2087.4002706136453
244201 2087.4902552642675
244301 2087.5807076156807
244401 2087.671629128208
244501 2087.763021263201
244601 2087.8548854830374
244701 2087.9472232511207
244801 2088.0400360318836
244901 2088.1333252907825
245001 2088.2270924943036
245101 2088.3213391099584
245201 2088.4160666062853
245301 2088.5112764528494
245401 2088.606970120244
245501 2088.703149080087
245601 2088.7998148050247
245701 2088.8969687687295
245801 2088.9946124459007
245901 2089.0927473122656
246001 2089.191374844577
246101 2089.290496520614
246201 2089.390113819184
246301 2089.490228220121
246401 2089.5908412042854
246501 2089.6919542535634
246601 2089.7935688508705
246701 2089.8956864801467
246801 2089.9983086263596
246901 2090.101436775504
247001 2090.205072414602
247101 2090.309217031701
247201 2090.413872115876
247301 2090.5190391572287
247401 2090.6247196468885
247501 2090.73091507701
247601 2090.8376269407763
247701 2090.9448567323957
247801 2091.052605947105
247901 2091.1608760811664
248001 2091.2696686318695
248101 2091.3789850975318
248201 2091.4888269774947
248301 2091.5991957721294
248401 2091.710092982832
248501 2091.8215201120274
248601 2091.9334786631653
248701 2092.045970140723
248801 2092.158996050205
248901 2092.2725578981426
249001 2092.3866571920926
249101 2092.50129544064
249201 2092.616474153397
249301 2092.7321948410013
249401 2092.848459015118
249501 2092.965268188439
249601 2093.082623874683
249701 2093.200527588596
249801 2093.31898084595
249901 2093.437985163544