1 301.7738459175067
101 309.6878036142052
201 317.56357662421
301 325.4013147150226
401 333.2011672096599
501 340.9632829875903
601 348.6878104856678
701 356.3748976990648
801 364.0246921822039
901 371.6373410496886
1001 379.2129909772323
1101 386.7517882025861
1201 394.2538785264662
1301 401.7194073134788
1401 409.1485194930447
1501 416.5413595603223
1601 423.8980715771295
1701 431.2187991728641
1801 438.5036855454231
1901 445.7528734621213
2001 452.9665052606074
2101 460.1447228497805
2201 467.2876677107037
2301 474.395480897518
2401 481.4683030383537
2501 488.5062743362415
2601 495.5095345700219
2701 502.4782230952532
2801 509.4124788451192
2901 516.3124403313341
3001 523.1782456450479
3101 530.0100324577496
3201 536.807938022169
3301 543.5720991731777
3401 550.3026523286893
3501 556.9997334905574
3601 563.6634782454729
3701 570.2940217658603
3801 576.8914988107722
3901 583.4560437267832
4001 589.9877904488819
4101 596.486872501363
4201 602.9534229987157
4301 609.3875746465139
4401 615.7894597423033
4501 622.159210176487
4601 628.4969574332115
4701 634.8028325912506
4801 641.0769663248873
4901 647.3194889047959
5001 653.530530198922
5101 659.7102196733617
5201 665.8586863932396
5301 671.9760590235849
5401 678.0624658302077
5501 684.1180346805718
5601 690.1428930446697
5701 696.1371679958925
5801 702.100986211902
5901 708.0344739754987
6001 713.9377571754915
6101 719.8109613075638
6201 725.6542114751395
6301 731.4676323902476
6401 737.2513483743855
6501 743.0054833593817
6601 748.7301608882565
6701 754.4255041160812
6801 760.0916358108383
6901 765.7286783542772
7001 771.3367537427719
7101 776.9159835881744
7201 782.4664891186708
7301 787.9883911796319
7401 793.4818102344655
7501 798.946866365467
7601 804.3836792746683
7701 809.7923682846852
7801 815.1730523395645
7901 820.5258500056298
8001 825.8508794723257
8101 831.1482585530607
8201 836.4181046860492
8301 841.660534935153
8401 846.8756659907199
8501 852.0636141704226
8601 857.2244954200964
8701 862.3584253145743
8801 867.4655190585231
8901 872.5458914872761
9001 877.5996570676657
9101 882.6269298988557
9201 887.6278237131705
9301 892.6024518769245
9401 897.5509273912498
9501 902.4733628929232
9601 907.3698706551918
9701 912.2405625885958
9801 917.0855502417942
9901 921.9049448023843
10001 926.6988570977246
10101 931.4673975957528
10201 936.2106764058046
10301 940.9288032794325
10401 945.6218876112196
10501 950.290038439596
10601 954.9333644476528
10701 959.5519739639537
10801 964.1459749633477
10901 968.715475067778
11001 973.2605815470922
11101 977.7814013198501
11201 982.2780409541303
11301 986.7506066683363
11401 991.1992043320001
11501 995.6239394665868
11601 1000.024917246295
11701 1004.402242498861
11801 1008.756019706356
11901 1013.086353005983
12001 1017.39334619088
12101 1021.677102710912
12201 1025.937725673468
12301 1030.175317844254
12401 1034.389981648087
12501 1038.581819169688
12601 1042.750932154467
12701 1046.897422009322
12801 1051.021389803418
12901 1055.122936268979
13001 1059.202161802074
13101 1063.259166463402
13201 1067.294049979074
13301 1071.306911741396
13401 1075.297850809653
13501 1079.266965910885
13601 1083.214355440671
13701 1087.140117463905
13801 1091.044349715569
13901 1094.927149601518
14001 1098.788614199246
14101 1102.628840258662
14201 1106.447924202865
14301 1110.245962128913
14401 1114.023049808592
14501 1117.779282689188
14601 1121.514755894254
14701 1125.229564224373
14801 1128.92380215793
14901 1132.597563851869
15001 1136.250943142465
15101 1139.884033546077
15201 1143.496928259918
15301 1147.089720162806
15401 1150.662501815931
15501 1154.215365463607
15601 1157.74840303403
15701 1161.261706140036
15801 1164.755366079852
15901 1168.22947383785
16001 1171.6841200853
16101 1175.119395181121
16201 1178.535389172629
16301 1181.932191796288
16401 1185.309892478455
16501 1188.668580336129
16601 1192.008344177696
16701 1195.329272503671
16801 1198.631453507443
16901 1201.914975076016
17001 1205.179924790752
17101 1208.426389928109
17201 1211.654457460377
17301 1214.864214056422
17401 1218.055746082416
17501 1221.229139602576
17601 1224.3844803799
17701 1227.521853876892
17801 1230.641345256303
17901 1233.743039381857
18001 1236.827020818984
18101 1239.893373835544
18201 1242.942182402557
18301 1245.973530194932
18401 1248.987500592187
18501 1251.984176679181
18601 1254.963641246826
18701 1257.925976792821
18801 1260.871265522363
18901 1263.799589348875
19001 1266.711029894718
19101 1269.605668491912
19201 1272.483586182854
19301 1275.344863721029
19401 1278.189581571728
19501 1281.01781991276
19601 1283.829658635166
19701 1286.625177343925
19801 1289.404455358669
19901 1292.167571714392
20001 1294.914605162152
20101 1297.645634169786
20201 1300.360736922608
20301 1303.059991324119
20401 1305.743474996706
20501 1308.411265282348
20601 1311.063439243318
20701 1313.700073662876
20801 1316.321245045978
20901 1318.927029619965
21001 1321.517503335268
21101 1324.092741866098
21201 1326.652820611141
21301 1329.197814694255
21401 1331.727798965163
21501 1334.242848000138
21601 1336.743036102701
21701 1339.228437304306
21801 1341.699125365031
21901 1344.155173774261
22001 1346.596655751379
22101 1349.023644246448
22201 1351.436211940896
22301 1353.8344312482
22401 1356.218374314564
22501 1358.588113019605
22601 1360.943718977028
22701 1363.285263535308
22801 1365.612817778367
22901 1367.926452526247
23001 1370.226238335791
23101 1372.512245501312
23201 1374.784544055271
23301 1377.043203768946
23401 1379.288294153104
23501 1381.519884458672
23601 1383.738043677404
23701 1385.942840542552
23801 1388.134343529529
23901 1390.312620856579
24001 1392.477740485438
24101 1394.629770122002
24201 1396.768777216984
24301 1398.894828966582
24401 1401.007992313133
24501 1403.108333945779
24601 1405.19592030112
24701 1407.270817563875
24801 1409.333091667537
24901 1411.382808295026
25001 1413.420032879349
25101 1415.444830604248
25201 1417.457266404853
25301 1419.457404968334
25401 1421.445310734554
25501 1423.42104789671
25601 1425.38468040199
25701 1427.336271952214
25801 1429.275886004481
25901 1431.203585771815
26001 1433.119434223808
26101 1435.023494087264
26201 1436.915827846838
26301 1438.796497745679
26401 1440.665565786067
26501 1442.523093730056
26601 1444.369143100106
26701 1446.203775179725
26801 1448.0270510141
26901 1449.839031410732
27001 1451.639776940073
27101 1453.429347936154
27201 1455.207804497219
27301 1456.975206486353
27401 1458.731613532113
27501 1460.477085029155
27601 1462.211680138865
27701 1463.935457789979
27801 1465.64847667921
27901 1467.350795271876
28001 1469.042471802519
28101 1470.723564275527
28201 1472.39413046576
28301 1474.05422791916
28401 1475.703913953381
28501 1477.343245658399
28601 1478.972279897135
28701 1480.591073306065
28801 1482.199682295837
28901 1483.798163051889
29001 1485.386571535054
29101 1486.964963482178
29201 1488.533394406728
29301 1490.091919599404
29401 1491.640594128744
29501 1493.179472841734
29601 1494.708610364417
29701 1496.228061102492
29801 1497.737879241928
29901 1499.238118749558
30001 1500.728833373688
30101 1502.210076644697
30201 1503.681901875637
30301 1505.144362162834
30401 1506.597510386483
30501 1508.041399211251
30601 1509.476081086869
30701 1510.901608248731
30801 1512.318032718483
30901 1513.725406304626
31001 1515.123780603099
31101 1516.513206997875
31201 1517.893736661553
31301 1519.265420555942
31401 1520.628309432658
31501 1521.982453833703
31601 1523.327904092057
31701 1524.66471033226
31801 1525.992922471
31901 1527.312590217695
32001 1528.623763075073
32101 1529.92649033976
32201 1531.220821102852
32301 1532.506804250502
32401 1533.784488464496
32501 1535.053922222827
32601 1536.315153800279
32701 1537.568231268995
32801 1538.813202499057
32901 1540.050115159057
33001 1541.279016716669
33101 1542.499954439225
33201 1543.712975394278
33301 1544.91812645018
33401 1546.115454276646
33501 1547.305005345321
33601 1548.486825930351
33701 1549.660962108941
33801 1550.827459761931
33901 1551.986364574348
34001 1553.137722035979
34101 1554.281577441924
34201 1555.417975893162
34301 1556.546962297111
34401 1557.668581368184
34501 1558.78287762835
34601 1559.889895407686
34701 1560.989678844942
34801 1562.082271888084
34901 1563.167718294857
35001 1564.246061633336
35101 1565.317345282476
35201 1566.381612432665
35301 1567.438906086272
35401 1568.489269058199
35501 1569.532743976426
35601 1570.569373282562
35701 1571.599199232387
35801 1572.622263896401
35901 1573.638609160365
36001 1574.648276725846
36101 1575.651308110762
36201 1576.647744649915
36301 1577.637627495544
36401 1578.620997617851
36501 1579.59789580555
36601 1580.5683626664
36701 1581.532438627741
36801 1582.490163937031
36901 1583.441578662382
37001 1584.38672269309
37101 1585.32563574017
37201 1586.25835733689
37301 1587.184926839296
37401 1588.105383426748
37501 1589.019766102447
37601 1589.928113693958
37701 1590.830464853745
37801 1591.726858059693
37901 1592.617331615633
38001 1593.501923651866
38101 1594.380672125688
38201 1595.25361482191
38301 1596.120789353381
38401 1596.982233161509
38501 1597.837983516777
38601 1598.688077519266
38701 1599.532552099169
38801 1600.371444017309
38901 1601.204789865656
39001 1602.032626067838
39101 1602.854988879659
39201 1603.67191438961
39301 1604.483438519378
39401 1605.289597024364
39501 1606.090425494186
39601 1606.885959353192
39701 1607.676233860966
39801 1608.461284112836
39901 1609.241145040383
40001 1610.015851411943
40101 1610.785437833109
40201 1611.549938747243
40301 1612.309388435967
40401 1613.063821019679
40501 1613.813270458038
40601 1614.557770550476
40701 1615.29735493669
40801 1616.032057097143
40901 1616.761910353559
41001 1617.486947869422
41101 1618.207202650468
41201 1618.92270754518
41301 1619.633495245283
41401 1620.339598286233
41501 1621.041049047713
41601 1621.737879754118
41701 1622.430122475051
41801 1623.117809125805
41901 1623.800971467857
42001 1624.479641109349
42101 1625.153849505579
42201 1625.82362795948
42301 1626.489007622113
42401 1627.150019493141
42501 1627.806694421317
42601 1628.459063104963
42701 1629.107156092451
42801 1629.751003782681
42901 1630.390636425564
43001 1631.026084122494
43101 1631.657376826828
43201 1632.284544344365
43301 1632.907616333811
43401 1633.526622307265
43501 1634.141591630682
43601 1634.752553524355
43701 1635.359537063375
43801 1635.962571178113
43901 1636.561684654682
44001 1637.156906135405
44101 1637.74826411929
44201 1638.33578696249
44301 1638.919502878771
44401 1639.499439939976
44501 1640.075626076496
44601 1640.648089077719
44701 1641.216856592508
44801 1641.781956129651
44901 1642.34341505833
45001 1642.901260608571
45101 1643.455519871714
45201 1644.006219800861
45301 1644.553387211338
45401 1645.097048781151
45501 1645.637231051442
45601 1646.173960426937
45701 1646.707263176407
45801 1647.237165433118
45901 1647.763693195281
46001 1648.286872326506
46101 1648.806728556244
46201 1649.32328748025
46301 1649.836574561016
46401 1650.346615128228
46501 1650.853434379211
46601 1651.357057379368
46701 1651.857509062634
46801 1652.354814231913
46901 1652.848997559521
47001 1653.340083587634
47101 1653.828096728721
47201 1654.313061265989
47301 1654.795001353823
47401 1655.273941018221
47501 1655.749904157231
47601 1656.222914541395
47701 1656.692995814175
47801 1657.160171492394
47901 1657.62446496667
48001 1658.085899501844
48101 1658.544498237421
48201 1659.000284187993
48301 1659.453280243672
48401 1659.903509170525
48501 1660.350993610996
48601 1660.795756084333
48701 1661.237818987027
48801 1661.677204593221
48901 1662.113935055149
49001 1662.548032403555
49101 1662.979518548118
49201 1663.408415277871
49301 1663.834744261628
49401 1664.258527048406
49501 1664.679785067835
49601 1665.098539630592
49701 1665.514811928808
49801 1665.928623036491
49901 1666.33999390994
50001 1666.748945388164
50101 1667.155498193295
50201 1667.559672931003
50301 1667.961490090906
50401 1668.360970046991
50501 1668.758133058016
50601 1669.152999267924
50701 1669.545588706258
50801 1669.935921288563
50901 1670.3240168168
51001 1670.709894979745
51101 1671.093575353407
51201 1671.475077401425
51301 1671.854420475476
51401 1672.231623815679
51501 1672.606706551
51601 1672.979687699648
51701 1673.350586169483
51801 1673.719420758415
51901 1674.086210154804
52001 1674.450972937855
52101 1674.813727578022
52201 1675.174492437402
52301 1675.53328577013
52401 1675.890125722781
52501 1676.245030334756
52601 1676.598017538683
52701 1676.949105160807
52801 1677.298310921382
52901 1677.645652435065
53001 1677.991147211303
53101 1678.334812654725
53201 1678.676666065532
53301 1679.016724639883
53401 1679.355005470281
53501 1679.691525545964
53601 1680.026301753287
53701 1680.35935087611
53801 1680.690689596177
53901 1681.020334493503
54001 1681.348302046757
54101 1681.67460863364
54201 1681.999270531267
54301 1682.322303916552
54401 1682.643724866578
54501 1682.963549358981
54601 1683.281793272326
54701 1683.598472386487
54801 1683.913602383014
54901 1684.227198845518
55001 1684.539277260039
55101 1684.849853015422
55201 1685.158941403688
55301 1685.466557620403
55401 1685.77271676506
55501 1686.077433841434
55601 1686.380723757962
55701 1686.682601328104
55801 1686.983081270721
55901 1687.28217821043
56001 1687.579906677979
56101 1687.876281110605
56201 1688.171315852407
56301 1688.465025154698
56401 1688.75742317638
56501 1689.048523984301
56601 1689.33834155361
56701 1689.626889768128
56801 1689.914182420701
56901 1690.200233213561
57001 1690.485055758684
57101 1690.768663578143
57201 1691.051070104474
57301 1691.332288681019
57401 1691.612332562293
57501 1691.891214914331
57601 1692.168948815039
57701 1692.445547254554
57801 1692.721023135591
57901 1692.995389273792
58001 1693.268658398084
58101 1693.540843151015
58201 1693.811956089118
58301 1694.082009683243
58401 1694.351016318918
58501 1694.618988296687
58601 1694.885937832454
58701 1695.151877057836
58801 1695.416818020496
58901 1695.680772684494
59001 1695.943752930628
59101 1696.205770556767
59201 1696.466837278207
59301 1696.726964727997
59401 1696.986164457284
59501 1697.244447935648
59601 1697.501826551447
59701 1697.758311612145
59801 1698.013914344652
59901 1698.268645895657
60001 1698.522517331965
60101 1698.775539640833
60201 1699.027723730292
60301 1699.279080429493
60401 1699.529620489025
60501 1699.77935458126
60601 1700.028293300667
60701 1700.276447164151
60801 1700.523826611381
60901 1700.770442005112
61001 1701.016303631517
61101 1701.26142170051
61201 1701.50580634607
61301 1701.749467626568
61401 1701.992415525091
61501 1702.234659949762
61601 1702.476210734062
61701 1702.717077637155
61801 1702.957270344203
61901 1703.196798466695
62001 1703.43567154275
62101 1703.673899037456
62201 1703.911490343167
62301 1704.148454779833
62401 1704.384801595316
62501 1704.620539965694
62601 1704.855678995587
62701 1705.090227718466
62801 1705.324195096966
62901 1705.557590023196
63001 1705.790421319056
63101 1706.022697736546
63201 1706.254427958068
63301 1706.485620596746
63401 1706.716284196731
63501 1706.946427233507
63601 1707.176058114193
63701 1707.405185177863
63801 1707.633816695836
63901 1707.861960871993
64001 1708.089625843072
64101 1708.316819678977
64201 1708.543550383076
64301 1708.769825892507
64401 1708.995654078479
64501 1709.221042746562
64601 1709.445999637004
64701 1709.670532425013
64801 1709.894648721066
64901 1710.118356071203
65001 1710.341661957322
65101 1710.564573797473
65201 1710.78709894616
65301 1711.009244694627
65401 1711.231018271162
65501 1711.452426841376
65601 1711.673477508506
65701 1711.894177313705
65801 1712.114533236328
65901 1712.334552194223
66001 1712.554241044026
66101 1712.773606581442
66201 1712.992655541535
66301 1713.211394599021
66401 1713.429830368542
66501 1713.647969404962
66601 1713.865818203653
66701 1714.083383200766
66801 1714.300670773529
66901 1714.517687240518
67001 1714.734438861954
67101 1714.950931839964
67201 1715.167172318878
67301 1715.383166385501
67401 1715.598920069398
67501 1715.81443934316
67601 1716.029730122699
67701 1716.24479826751
67801 1716.459649580955
67901 1716.674289810536
68001 1716.888724648169
68101 1717.102959730461
68201 1717.317000638983
68301 1717.530852900537
68401 1717.744521987434
68501 1717.958013317764
68601 1718.171332255666
68701 1718.384484111597
68801 1718.597474142598
68901 1718.81030755257
69001 1719.022989492539
69101 1719.235525060918
69201 1719.447919303778
69301 1719.660177215113
69401 1719.8723037371
69501 1720.084303760376
69601 1720.296182124282
69701 1720.507943617147
69801 1720.719592976528
69901 1720.931134889497
70001 1721.142573992873
70101 1721.353914873506
70201 1721.565162068523
70301 1721.77632006559
70401 1721.987393303171
70501 1722.198386170787
70601 1722.409303009264
70701 1722.620148110993
70801 1722.8309257202
70901 1723.04164003317
71001 1723.252295198527
71101 1723.462895317476
71201 1723.673444444058
71301 1723.883946585398
71401 1724.094405701959
71501 1724.304825707793
71601 1724.515210470787
71701 1724.725563812919
71801 1724.935889510496
71901 1725.14619129441
72001 1725.356472850382
72101 1725.566737819207
72201 1725.776989796997
72301 1725.987232335438
72401 1726.197468942015
72501 1726.407703080274
72601 1726.617938170054
72701 1726.828177587727
72801 1727.038424666451
72901 1727.248682696399
73001 1727.458954925006
73101 1727.669244557207
73201 1727.87955475567
73301 1728.089888641047
73401 1728.300249292196
73501 1728.510639746428
73601 1728.721062999742
73701 1728.931522007051
73801 1729.142019682435
73901 1729.352558899358
74001 1729.563142490903
74101 1729.773773250017
74201 1729.984453929733
74301 1730.1951872434
74401 1730.405975864925
74501 1730.616822428986
74601 1730.827729531274
74701 1731.038699728723
74801 1731.249735539728
74901 1731.460839444377
75001 1731.672013884683
75101 1731.883261264804
75201 1732.094583951269
75301 1732.305984273202
75401 1732.517464522552
75501 1732.729026954312
75601 1732.940673786737
75701 1733.152407201577
75801 1733.364229344289
75901 1733.576142324266
76001 1733.788148215047
76101 1734.000249054545
76201 1734.212446845266
76301 1734.424743554518
76401 1734.637141114644
76501 1734.849641423219
76601 1735.062246343285
76701 1735.274957703557
76801 1735.487777298643
76901 1735.700706889246
77001 1735.913748202398
77101 1736.126902931655
77201 1736.34017273732
77301 1736.553559246648
77401 1736.767064054064
77501 1736.980688721368
77601 1737.194434777947
77701 1737.408303720984
77801 1737.622297015667
77901 1737.8364160954
78001 1738.050662361999
78101 1738.265037185914
78201 1738.479541906425
78301 1738.694177831849
78401 1738.908946239748
78501 1739.123848377133
78601 1739.338885460659
78701 1739.55405867684
78801 1739.769369182248
78901 1739.984818103705
79001 1740.200406538497
79101 1740.416135554571
79201 1740.632006190724
79301 1740.848019456819
79401 1741.064176333971
79501 1741.280477774754
79601 1741.496924703389
79701 1741.713518015947
79801 1741.93025858054
79901 1742.147147237528
80001 1742.364184799696
80101 1742.581372052461
80201 1742.798709754065
80301 1743.016198635763
80401 1743.233839402017
80501 1743.45163273069
80601 1743.669579273229
80701 1743.887679654871
80801 1744.105934474817
80901 1744.324344306428
81001 1744.542909697421
81101 1744.761631170037
81201 1744.980509221252
81301 1745.199544322949
81401 1745.418736922104
81501 1745.638087440979
81601 1745.857596277307
81701 1746.077263804465
81801 1746.297090371672
81901 1746.517076304163
82001 1746.737221903376
82101 1746.957527447131
82201 1747.177993189812
82301 1747.398619362552
82401 1747.619406173403
82501 1747.840353807531
82601 1748.061462427381
82701 1748.282732172856
82801 1748.504163161509
82901 1748.725755488707
83001 1748.947509227806
83101 1749.169424430338
83201 1749.391501126179
83301 1749.613739323721
83401 1749.836139010056
83501 1750.058700151141
83601 1750.281422691978
83701 1750.504306556773
83801 1750.727351649128
83901 1750.950557852196
84001 1751.173925028854
84101 1751.397453021886
84201 1751.621141654133
84301 1751.844990728674
84401 1752.069000029001
84501 1752.29316931916
84601 1752.51749834395
84701 1752.741986829073
84801 1752.966634481297
84901 1753.19144098863
85001 1753.416406020483
85101 1753.64152922783
85201 1753.866810243378
85301 1754.092248681719
85401 1754.317844139511
85501 1754.543596195618
85601 1754.76950441129
85701 1754.995568330315
85801 1755.221787479174
85901 1755.448161367213
86001 1755.674689486796
86101 1755.901371313462
86201 1756.128206306084
86301 1756.355193907024
86401 1756.582333542298
86501 1756.809624621723
86601 1757.037066539079
86701 1757.264658672261
86801 1757.492400383426
86901 1757.72029101917
87001 1757.94832991065
87101 1758.176516373769
87201 1758.404849709297
87301 1758.633329203049
87401 1758.861954126021
87501 1759.090723734544
87601 1759.319637270434
87701 1759.548693961149
87801 1759.77789301992
87901 1760.007233645917
88001 1760.236715024394
88101 1760.466336326823
88201 1760.696096711057
88301 1760.925995321469
88401 1761.15603128909
88501 1761.386203731767
88601 1761.616511754309
88701 1761.846954448615
88801 1762.077530893825
88901 1762.308240156473
89001 1762.539081290611
89101 1762.770053337967
89201 1763.00115532808
89301 1763.232386278434
89401 1763.463745194606
89501 1763.695231070404
89601 1763.926842888013
89701 1764.158579618109
89801 1764.390440220032
89901 1764.622423641894
90001 1764.854528820729
90101 1765.086754682628
90201 1765.31910014288
90301 1765.551564106086
90401 1765.784145466324
90501 1766.016843107263
90601 1766.2496559023
90701 1766.482582714695
90801 1766.715622397705
90901 1766.948773794708
91001 1767.182035739351
91101 1767.415407055658
91201 1767.648886558187
91301 1767.88247305213
91401 1768.116165333473
91501 1768.349962189098
91601 1768.583862396931
91701 1768.817864726055
91801 1769.051967936849
91901 1769.286170781107
92001 1769.520472002171
92101 1769.75487033505
92201 1769.98936450654
92301 1770.223953235368
92401 1770.4586352323
92501 1770.693409200265
92601 1770.928273834483
92701 1771.163227822595
92801 1771.398269844763
92901 1771.633398573816
93001 1771.86861267535
93101 1772.10391080786
93201 1772.339291622866
93301 1772.574753765022
93401 1772.810295872226
93501 1773.045916575759
93601 1773.281614500399
93701 1773.517388264521
93801 1773.753236480233
93901 1773.98915775348
94001 1774.225150684171
94101 1774.461213866284
94201 1774.697345887986
94301 1774.933545331748
94401 1775.16981077445
94501 1775.406140787512
94601 1775.642533936987
94701 1775.878988783691
94801 1776.115503883293
94901 1776.352077786454
95001 1776.588709038918
95101 1776.825396181618
95201 1777.062137750813
95301 1777.298932278161
95401 1777.535778290865
95501 1777.772674311743
95601 1778.009618859371
95701 1778.246610448164
95801 1778.483647588503
95901 1778.720728786821
96001 1778.95785254573
96101 1779.195017364103
96201 1779.432221737209
96301 1779.669464156781
96401 1779.906743111152
96501 1780.144057085342
96601 1780.381404561156
96701 1780.618784017307
96801 1780.856193929499
96901 1781.093632770528
97001 1781.331099010403
97101 1781.56859111642
97201 1781.80610755328
97301 1782.043646783183
97401 1782.281207265935
97501 1782.518787459021
97601 1782.756385817737
97701 1782.99400079526
97801 1783.231630842765
97901 1783.469274409505
98001 1783.70692994292
98101 1783.944595888727
98201 1784.182270691012
98301 1784.419952792332
98401 1784.657640633803
98501 1784.8953326552
98601 1785.133027295037
98701 1785.370722990683
98801 1785.608418178428
98901 1785.84611129359
99001 1786.083800770611
99101 1786.321485043132
99201 1786.559162544096
99301 1786.79683170583
99401 1787.034490960144
99501 1787.272138738407
99601 1787.509773471651
99701 1787.747393590641
99801 1787.984997525985
99901 1788.222583708194
100001 1788.222583708194
100101 1788.410560637008
100201 1788.598537565822
100301 1788.786514494635
100401 1788.974491423449
100501 1789.162468352263
100601 1789.350445281077
100701 1789.53842220989
100801 1789.726399138704
100901 1789.914376067518
101001 1790.102352996332
101101 1790.290329925145
101201 1790.478306853959
101301 1790.666283782773
101401 1790.854260711587
101501 1791.0422376404
101601 1791.230214569214
101701 1791.418191498028
101801 1791.606168426842
101901 1791.794145355655
102001 1791.982122284469
102101 1792.170099213283
102201 1792.358076142097
102301 1792.54605307091
102401 1792.734029999724
102501 1792.922006928538
102601 1793.109983857352
102701 1793.297960786165
102801 1793.485937714979
102901 1793.673914643793
103001 1793.861891572607
103101 1794.04986850142
103201 1794.237845430234
103301 1794.425822359048
103401 1794.613799287862
103501 1794.801776216675
103601 1794.989753145489
103701 1795.177730074303
103801 1795.365707003117
103901 1795.55368393193
104001 1795.741660860744
104101 1795.929637789558
104201 1796.117614718371
104301 1796.305591647185
104401 1796.493568575999
104501 1796.681545504813
104601 1796.869522433627
104701 1797.05749936244
104801 1797.245476291254
104901 1797.433453220068
105001 1797.621430148881
105101 1797.809407077695
105201 1797.997384006509
105301 1798.185360935323
105401 1798.373337864136
105501 1798.56131479295
105601 1798.749291721764
105701 1798.937268650578
105801 1799.125245579392
105901 1799.313222508205
106001 1799.501199437019
106101 1799.689176365833
106201 1799.877153294646
106301 1800.06513022346
106401 1800.253107152274
106501 1800.441084081088
106601 1800.629061009902
106701 1800.817037938715
106801 1801.005014867529
106901 1801.192991796343
107001 1801.380968725156
107101 1801.56894565397
107201 1801.756922582784
107301 1801.944899511598
107401 1802.132876440411
107501 1802.320853369225
107601 1802.508830298039
107701 1802.696807226853
107801 1802.884784155666
107901 1803.07276108448
108001 1803.260738013294
108101 1803.448714942108
108201 1803.636691870921
108301 1803.824668799735
108401 1804.012645728549
108501 1804.200622657363
108601 1804.388599586176
108701 1804.57657651499
108801 1804.764553443804
108901 1804.952530372618
109001 1805.140507301431
109101 1805.328484230245
109201 1805.516461159059
109301 1805.704438087873
109401 1805.892415016686
109501 1806.0803919455
109601 1806.268368874314
109701 1806.456345803128
109801 1806.644322731941
109901 1806.832299660755
110001 1807.020276589569
110101 1807.208253518383
110201 1807.396230447196
110301 1807.58420737601
110401 1807.772184304824
110501 1807.960161233638
110601 1808.148138162451
110701 1808.336115091265
110801 1808.524092020079
110901 1808.712068948892
111001 1808.900045877706
111101 1809.08802280652
111201 1809.275999735334
111301 1809.463976664148
111401 1809.651953592961
111501 1809.839930521775
111601 1810.027907450589
111701 1810.215884379402
111801 1810.403861308216
111901 1810.59183823703
112001 1810.779815165844
112101 1810.967792094657
112201 1811.155769023471
112301 1811.343745952285
112401 1811.531722881099
112501 1811.719699809913
112601 1811.907676738726
112701 1812.09565366754
112801 1812.283630596354
112901 1812.471607525167
113001 1812.659584453981
113101 1812.847561382795
113201 1813.035538311609
113301 1813.223515240423
113401 1813.411492169236
113501 1813.59946909805
113601 1813.787446026864
113701 1813.975422955677
113801 1814.163399884491
113901 1814.351376813305
114001 1814.539353742119
114101 1814.727330670932
114201 1814.915307599746
114301 1815.10328452856
114401 1815.291261457374
114501 1815.479238386187
114601 1815.667215315001
114701 1815.855192243815
114801 1816.043169172629
114901 1816.231146101442
115001 1816.419123030256
115101 1816.60709995907
115201 1816.795076887884
115301 1816.983053816697
115401 1817.171030745511
115501 1817.359007674325
115601 1817.546984603139
115701 1817.734961531952
115801 1817.922938460766
115901 1818.11091538958
116001 1818.298892318394
116101 1818.486869247207
116201 1818.674846176021
116301 1818.862823104835
116401 1819.050800033649
116501 1819.238776962462
116601 1819.426753891276
116701 1819.61473082009
116801 1819.802707748904
116901 1819.990684677717
117001 1820.178661606531
117101 1820.366638535345
117201 1820.554615464159
117301 1820.742592392972
117401 1820.930569321786
117501 1821.1185462506
117601 1821.306523179413
117701 1821.494500108227
117801 1821.682477037041
117901 1821.870453965855
118001 1822.058430894669
118101 1822.246407823482
118201 1822.434384752296
118301 1822.62236168111
118401 1822.810338609924
118501 1822.998315538737
118601 1823.186292467551
118701 1823.374269396365
118801 1823.562246325178
118901 1823.750223253992
119001 1823.938200182806
119101 1824.12617711162
119201 1824.314154040434
119301 1824.502130969247
119401 1824.690107898061
119501 1824.878084826875
119601 1825.066061755688
119701 1825.254038684502
119801 1825.442015613316
119901 1825.62999254213
120001 1825.817969470943
120101 1826.005946399757
120201 1826.193923328571
120301 1826.381900257385
120401 1826.569877186198
120501 1826.757854115012
120601 1826.945831043826
120701 1827.13380797264
120801 1827.321784901453
120901 1827.509761830267
121001 1827.697738759081
121101 1827.885715687895
121201 1828.073692616709
121301 1828.261669545522
121401 1828.449646474336
121501 1828.63762340315
121601 1828.825600331963
121701 1829.013577260777
121801 1829.201554189591
121901 1829.389531118405
122001 1829.577508047218
122101 1829.765484976032
122201 1829.953461904846
122301 1830.14143883366
122401 1830.329415762473
122501 1830.517392691287
122601 1830.705369620101
122701 1830.893346548915
122801 1831.081323477728
122901 1831.269300406542
123001 1831.457277335356
123101 1831.64525426417
123201 1831.833231192983
123301 1832.021208121797
123401 1832.209185050611
123501 1832.397161979424
123601 1832.585138908238
123701 1832.773115837052
123801 1832.961092765866
123901 1833.14906969468
124001 1833.337046623493
124101 1833.525023552307
124201 1833.713000481121
124301 1833.900977409935
124401 1834.088954338748
124501 1834.276931267562
124601 1834.464908196376
124701 1834.65288512519
124801 1834.840862054003
124901 1835.028838982817
125001 1835.216815911631
125101 1835.404792840445
125201 1835.592769769258
125301 1835.780746698072
125401 1835.968723626886
125501 1836.156700555699
125601 1836.344677484513
125701 1836.532654413327
125801 1836.720631342141
125901 1836.908608270955
126001 1837.096585199768
126101 1837.284562128582
126201 1837.472539057396
126301 1837.660515986209
126401 1837.848492915023
126501 1838.036469843837
126601 1838.224446772651
126701 1838.412423701464
126801 1838.600400630278
126901 1838.788377559092
127001 1838.976354487906
127101 1839.16433141672
127201 1839.352308345533
127301 1839.540285274347
127401 1839.728262203161
127501 1839.916239131974
127601 1840.104216060788
127701 1840.292192989602
127801 1840.480169918416
127901 1840.668146847229
128001 1840.856123776043
128101 1841.044100704857
128201 1841.232077633671
128301 1841.420054562484
128401 1841.608031491298
128501 1841.796008420112
128601 1841.983985348926
128701 1842.171962277739
128801 1842.359939206553
128901 1842.547916135367
129001 1842.735893064181
129101 1842.923869992994
129201 1843.111846921808
129301 1843.299823850622
129401 1843.487800779436
129501 1843.675777708249
129601 1843.863754637063
129701 1844.051731565877
129801 1844.239708494691
129901 1844.427685423504
130001 1844.615662352318
130101 1844.803639281132
130201 1844.991616209946
130301 1845.179593138759
130401 1845.367570067573
130501 1845.555546996387
130601 1845.743523925201
130701 1845.931500854014
130801 1846.119477782828
130901 1846.307454711642
131001 1846.495431640456
131101 1846.683408569269
131201 1846.871385498083
131301 1847.059362426897
131401 1847.24733935571
131501 1847.435316284524
131601 1847.623293213338
131701 1847.811270142152
131801 1847.999247070966
131901 1848.187223999779
132001 1848.375200928593
132101 1848.563177857407
132201 1848.75115478622
132301 1848.939131715034
132401 1849.127108643848
132501 1849.315085572662
132601 1849.503062501476
132701 1849.691039430289
132801 1849.879016359103
132901 1850.066993287917
133001 1850.25497021673
133101 1850.442947145544
133201 1850.630924074358
133301 1850.818901003172
133401 1851.006877931985
133501 1851.194854860799
133601 1851.382831789613
133701 1851.570808718427
133801 1851.758785647241
133901 1851.946762576054
134001 1852.134739504868
134101 1852.322716433682
134201 1852.510693362495
134301 1852.698670291309
134401 1852.886647220123
134501 1853.074624148937
134601 1853.26260107775
134701 1853.450578006564
134801 1853.638554935378
134901 1853.826531864192
135001 1854.014508793005
135101 1854.202485721819
135201 1854.390462650633
135301 1854.578439579447
135401 1854.76641650826
135501 1854.954393437074
135601 1855.142370365888
135701 1855.330347294702
135801 1855.518324223515
135901 1855.706301152329
136001 1855.894278081143
136101 1856.082255009957
136201 1856.27023193877
136301 1856.458208867584
136401 1856.646185796398
136501 1856.834162725212
136601 1857.022139654025
136701 1857.210116582839
136801 1857.398093511653
136901 1857.586070440467
137001 1857.77404736928
137101 1857.962024298094
137201 1858.150001226908
137301 1858.337978155722
137401 1858.525955084535
137501 1858.713932013349
137601 1858.901908942163
137701 1859.089885870977
137801 1859.27786279979
137901 1859.465839728604
138001 1859.653816657418
138101 1859.841793586231
138201 1860.029770515045
138301 1860.217747443859
138401 1860.405724372673
138501 1860.593701301487
138601 1860.7816782303
138701 1860.969655159114
138801 1861.157632087928
138901 1861.345609016741
139001 1861.533585945555
139101 1861.721562874369
139201 1861.909539803183
139301 1862.097516731997
139401 1862.28549366081
139501 1862.473470589624
139601 1862.661447518438
139701 1862.849424447252
139801 1863.037401376065
139901 1863.225378304879
140001 1863.413355233693
140101 1863.601332162506
140201 1863.78930909132
140301 1863.977286020134
140401 1864.165262948948
140501 1864.353239877762
140601 1864.541216806575
140701 1864.729193735389
140801 1864.917170664203
140901 1865.105147593016
141001 1865.29312452183
141101 1865.481101450644
141201 1865.669078379458
141301 1865.857055308271
141401 1866.045032237085
141501 1866.233009165899
141601 1866.420986094713
141701 1866.608963023526
141801 1866.79693995234
141901 1866.984916881154
142001 1867.172893809968
142101 1867.360870738781
142201 1867.548847667595
142301 1867.736824596409
142401 1867.924801525223
142501 1868.112778454036
142601 1868.30075538285
142701 1868.488732311664
142801 1868.676709240478
142901 1868.864686169291
143001 1869.052663098105
143101 1869.240640026919
143201 1869.428616955733
143301 1869.616593884546
143401 1869.80457081336
143501 1869.992547742174
143601 1870.180524670988
143701 1870.368501599801
143801 1870.556478528615
143901 1870.744455457429
144001 1870.932432386243
144101 1871.120409315056
144201 1871.30838624387
144301 1871.496363172684
144401 1871.684340101498
144501 1871.872317030311
144601 1872.060293959125
144701 1872.248270887939
144801 1872.436247816752
144901 1872.624224745566
145001 1872.81220167438
145101 1873.000178603194
145201 1873.188155532008
145301 1873.376132460821
145401 1873.564109389635
145501 1873.752086318449
145601 1873.940063247263
145701 1874.128040176076
145801 1874.31601710489
145901 1874.503994033704
146001 1874.691970962517
146101 1874.879947891331
146201 1875.067924820145
146301 1875.255901748959
146401 1875.443878677773
146501 1875.631855606586
146601 1875.8198325354
146701 1876.007809464214
146801 1876.195786393027
146901 1876.383763321841
147001 1876.571740250655
147101 1876.759717179469
147201 1876.947694108283
147301 1877.135671037096
147401 1877.32364796591
147501 1877.511624894724
147601 1877.699601823537
147701 1877.887578752351
147801 1878.075555681165
147901 1878.263532609979
148001 1878.451509538792
148101 1878.639486467606
148201 1878.82746339642
148301 1879.015440325234
148401 1879.203417254048
148501 1879.391394182861
148601 1879.579371111675
148701 1879.767348040489
148801 1879.955324969302
148901 1880.143301898116
149001 1880.33127882693
149101 1880.519255755744
149201 1880.707232684557
149301 1880.895209613371
149401 1881.083186542185
149501 1881.271163470999
149601 1881.459140399812
149701 1881.647117328626
149801 1881.83509425744
149901 1882.023071186254
150001 1882.211048115067
150101 1882.399025043881
150201 1882.587001972695
150301 1882.774978901509
150401 1882.962955830322
150501 1883.150932759136
150601 1883.33890968795
150701 1883.526886616764
150801 1883.714863545577
150901 1883.902840474391
151001 1884.090817403205
151101 1884.278794332019
151201 1884.466771260832
151301 1884.654748189646
151401 1884.84272511846
151501 1885.030702047274
151601 1885.218678976087
151701 1885.406655904901
151801 1885.594632833715
151901 1885.782609762529
152001 1885.970586691342
152101 1886.158563620156
152201 1886.34654054897
152301 1886.534517477784
152401 1886.722494406597
152501 1886.910471335411
152601 1887.098448264225
152701 1887.286425193038
152801 1887.474402121852
152901 1887.662379050666
153001 1887.85035597948
153101 1888.038332908294
153201 1888.226309837107
153301 1888.414286765921
153401 1888.602263694735
153501 1888.790240623548
153601 1888.978217552362
153701 1889.166194481176
153801 1889.35417140999
153901 1889.542148338804
154001 1889.730125267617
154101 1889.918102196431
154201 1890.106079125245
154301 1890.294056054059
154401 1890.482032982872
154501 1890.670009911686
154601 1890.8579868405
154701 1891.045963769313
154801 1891.233940698127
154901 1891.421917626941
155001 1891.609894555755
155101 1891.797871484569
155201 1891.985848413382
155301 1892.173825342196
155401 1892.36180227101
155501 1892.549779199823
155601 1892.737756128637
155701 1892.925733057451
155801 1893.113709986265
155901 1893.301686915078
156001 1893.489663843892
156101 1893.677640772706
156201 1893.86561770152
156301 1894.053594630333
156401 1894.241571559147
156501 1894.429548487961
156601 1894.617525416775
156701 1894.805502345588
156801 1894.993479274402
156901 1895.181456203216
157001 1895.36943313203
157101 1895.557410060843
157201 1895.745386989657
157301 1895.933363918471
157401 1896.121340847285
157501 1896.309317776098
157601 1896.497294704912
157701 1896.685271633726
157801 1896.87324856254
157901 1897.061225491353
158001 1897.249202420167
158101 1897.437179348981
158201 1897.625156277795
158301 1897.813133206608
158401 1898.001110135422
158501 1898.189087064236
158601 1898.37706399305
158701 1898.565040921863
158801 1898.753017850677
158901 1898.940994779491
159001 1899.128971708305
159101 1899.316948637118
159201 1899.504925565932
159301 1899.692902494746
159401 1899.880879423559
159501 1900.068856352373
159601 1900.256833281187
159701 1900.444810210001
159801 1900.632787138815
159901 1900.820764067628
160001 1901.008740996442
160101 1901.196717925256
160201 1901.384694854069
160301 1901.572671782883
160401 1901.760648711697
160501 1901.948625640511
160601 1902.136602569324
160701 1902.324579498138
160801 1902.512556426952
160901 1902.700533355766
161001 1902.88851028458
161101 1903.076487213393
161201 1903.264464142207
161301 1903.452441071021
161401 1903.640417999834
161501 1903.828394928648
161601 1904.016371857462
161701 1904.204348786276
161801 1904.39232571509
161901 1904.580302643903
162001 1904.768279572717
162101 1904.956256501531
162201 1905.144233430344
162301 1905.332210359158
162401 1905.520187287972
162501 1905.708164216786
162601 1905.896141145599
162701 1906.084118074413
162801 1906.272095003227
162901 1906.460071932041
163001 1906.648048860854
163101 1906.836025789668
163201 1907.024002718482
163301 1907.211979647296
163401 1907.399956576109
163501 1907.587933504923
163601 1907.775910433737
163701 1907.963887362551
163801 1908.151864291364
163901 1908.339841220178
164001 1908.527818148992
164101 1908.715795077806
164201 1908.903772006619
164301 1909.091748935433
164401 1909.279725864247
164501 1909.467702793061
164601 1909.655679721874
164701 1909.843656650688
164801 1910.031633579502
164901 1910.219610508316
165001 1910.407587437129
165101 1910.595564365943
165201 1910.783541294757
165301 1910.97151822357
165401 1911.159495152384
165501 1911.347472081198
165601 1911.535449010012
165701 1911.723425938826
165801 1911.911402867639
165901 1912.099379796453
166001 1912.287356725267
166101 1912.47533365408
166201 1912.663310582894
166301 1912.851287511708
166401 1913.039264440522
166501 1913.227241369336
166601 1913.415218298149
166701 1913.603195226963
166801 1913.791172155777
166901 1913.979149084591
167001 1914.167126013404
167101 1914.355102942218
167201 1914.543079871032
167301 1914.731056799845
167401 1914.919033728659
167501 1915.107010657473
167601 1915.294987586287
167701 1915.482964515101
167801 1915.670941443914
167901 1915.858918372728
168001 1916.046895301542
168101 1916.234872230355
168201 1916.422849159169
168301 1916.610826087983
168401 1916.798803016797
168501 1916.986779945611
168601 1917.174756874424
168701 1917.362733803238
168801 1917.550710732052
168901 1917.738687660865
169001 1917.926664589679
169101 1918.114641518493
169201 1918.302618447307
169301 1918.49059537612
169401 1918.678572304934
169501 1918.866549233748
169601 1919.054526162562
169701 1919.242503091376
169801 1919.430480020189
169901 1919.618456949003
170001 1919.806433877817
170101 1919.99441080663
170201 1920.182387735444
170301 1920.370364664258
170401 1920.558341593072
170501 1920.746318521885
170601 1920.934295450699
170701 1921.122272379513
170801 1921.310249308327
170901 1921.49822623714
171001 1921.686203165954
171101 1921.874180094768
171201 1922.062157023582
171301 1922.250133952395
171401 1922.438110881209
171501 1922.626087810023
171601 1922.814064738837
171701 1923.00204166765
171801 1923.190018596464
171901 1923.377995525278
172001 1923.565972454091
172101 1923.753949382905
172201 1923.941926311719
172301 1924.129903240533
172401 1924.317880169347
172501 1924.50585709816
172601 1924.693834026974
172701 1924.881810955788
172801 1925.069787884602
172901 1925.257764813415
173001 1925.445741742229
173101 1925.633718671043
173201 1925.821695599856
173301 1926.00967252867
173401 1926.197649457484
173501 1926.385626386298
173601 1926.573603315112
173701 1926.761580243925
173801 1926.949557172739
173901 1927.137534101553
174001 1927.325511030366
174101 1927.51348795918
174201 1927.701464887994
174301 1927.889441816808
174401 1928.077418745622
174501 1928.265395674435
174601 1928.453372603249
174701 1928.641349532063
174801 1928.829326460876
174901 1929.01730338969
175001 1929.205280318504
175101 1929.393257247318
175201 1929.581234176131
175301 1929.769211104945
175401 1929.957188033759
175501 1930.145164962573
175601 1930.333141891387
175701 1930.5211188202
175801 1930.709095749014
175901 1930.897072677828
176001 1931.085049606641
176101 1931.273026535455
176201 1931.461003464269
176301 1931.648980393083
176401 1931.836957321897
176501 1932.02493425071
176601 1932.212911179524
176701 1932.400888108338
176801 1932.588865037151
176901 1932.776841965965
177001 1932.964818894779
177101 1933.152795823593
177201 1933.340772752406
177301 1933.52874968122
177401 1933.716726610034
177501 1933.904703538848
177601 1934.092680467661
177701 1934.280657396475
177801 1934.468634325289
177901 1934.656611254103
178001 1934.844588182916
178101 1935.03256511173
178201 1935.220542040544
178301 1935.408518969358
178401 1935.596495898171
178501 1935.784472826985
178601 1935.972449755799
178701 1936.160426684613
178801 1936.348403613426
178901 1936.53638054224
179001 1936.724357471054
179101 1936.912334399868
179201 1937.100311328681
179301 1937.288288257495
179401 1937.476265186309
179501 1937.664242115123
179601 1937.852219043936
179701 1938.04019597275
179801 1938.228172901564
179901 1938.416149830377
180001 1938.604126759191
180101 1938.792103688005
180201 1938.980080616819
180301 1939.168057545633
180401 1939.356034474446
180501 1939.54401140326
180601 1939.731988332074
180701 1939.919965260887
180801 1940.107942189701
180901 1940.295919118515
181001 1940.483896047329
181101 1940.671872976143
181201 1940.859849904956
181301 1941.04782683377
181401 1941.235803762584
181501 1941.423780691397
181601 1941.611757620211
181701 1941.799734549025
181801 1941.987711477839
181901 1942.175688406652
182001 1942.363665335466
182101 1942.55164226428
182201 1942.739619193094
182301 1942.927596121908
182401 1943.115573050721
182501 1943.303549979535
182601 1943.491526908349
182701 1943.679503837162
182801 1943.867480765976
182901 1944.05545769479
183001 1944.243434623604
183101 1944.431411552418
183201 1944.619388481231
183301 1944.807365410045
183401 1944.995342338859
183501 1945.183319267672
183601 1945.371296196486
183701 1945.5592731253
183801 1945.747250054114
183901 1945.935226982927
184001 1946.123203911741
184101 1946.311180840555
184201 1946.499157769369
184301 1946.687134698182
184401 1946.875111626996
184501 1947.06308855581
184601 1947.251065484624
184701 1947.439042413437
184801 1947.627019342251
184901 1947.814996271065
185001 1948.002973199879
185101 1948.190950128692
185201 1948.378927057506
185301 1948.56690398632
185401 1948.754880915134
185501 1948.942857843947
185601 1949.130834772761
185701 1949.318811701575
185801 1949.506788630389
185901 1949.694765559202
186001 1949.882742488016
186101 1950.07071941683
186201 1950.258696345644
186301 1950.446673274457
186401 1950.634650203271
186501 1950.822627132085
186601 1951.010604060898
186701 1951.198580989712
186801 1951.386557918526
186901 1951.57453484734
187001 1951.762511776154
187101 1951.950488704967
187201 1952.138465633781
187301 1952.326442562595
187401 1952.514419491408
187501 1952.702396420222
187601 1952.890373349036
187701 1953.07835027785
187801 1953.266327206663
187901 1953.454304135477
188001 1953.642281064291
188101 1953.830257993105
188201 1954.018234921919
188301 1954.206211850732
188401 1954.394188779546
188501 1954.58216570836
188601 1954.770142637173
188701 1954.958119565987
188801 1955.146096494801
188901 1955.334073423615
189001 1955.522050352429
189101 1955.710027281242
189201 1955.898004210056
189301 1956.08598113887
189401 1956.273958067683
189501 1956.461934996497
189601 1956.649911925311
189701 1956.837888854125
189801 1957.025865782938
189901 1957.213842711752
190001 1957.401819640566
190101 1957.58979656938
190201 1957.777773498193
190301 1957.965750427007
190401 1958.153727355821
190501 1958.341704284635
190601 1958.529681213448
190701 1958.717658142262
190801 1958.905635071076
190901 1959.09361199989
191001 1959.281588928704
191101 1959.469565857517
191201 1959.657542786331
191301 1959.845519715145
191401 1960.033496643958
191501 1960.221473572772
191601 1960.409450501586
191701 1960.5974274304
191801 1960.785404359213
191901 1960.973381288027
192001 1961.161358216841
192101 1961.349335145655
192201 1961.537312074468
192301 1961.725289003282
192401 1961.913265932096
192501 1962.10124286091
192601 1962.289219789723
192701 1962.477196718537
192801 1962.665173647351
192901 1962.853150576165
193001 1963.041127504978
193101 1963.229104433792
193201 1963.417081362606
193301 1963.605058291419
193401 1963.793035220233
193501 1963.981012149047
193601 1964.168989077861
193701 1964.356966006675
193801 1964.544942935488
193901 1964.732919864302
194001 1964.920896793116
194101 1965.10887372193
194201 1965.296850650743
194301 1965.484827579557
194401 1965.672804508371
194501 1965.860781437184
194601 1966.048758365998
194701 1966.236735294812
194801 1966.424712223626
194901 1966.61268915244
195001 1966.800666081253
195101 1966.988643010067
195201 1967.176619938881
195301 1967.364596867694
195401 1967.552573796508
195501 1967.740550725322
195601 1967.928527654136
195701 1968.11650458295
195801 1968.304481511763
195901 1968.492458440577
196001 1968.680435369391
196101 1968.868412298204
196201 1969.056389227018
196301 1969.244366155832
196401 1969.432343084646
196501 1969.620320013459
196601 1969.808296942273
196701 1969.996273871087
196801 1970.184250799901
196901 1970.372227728715
197001 1970.560204657528
197101 1970.748181586342
197201 1970.936158515156
197301 1971.124135443969
197401 1971.312112372783
197501 1971.500089301597
197601 1971.688066230411
197701 1971.876043159224
197801 1972.064020088038
197901 1972.251997016852
198001 1972.439973945666
198101 1972.627950874479
198201 1972.815927803293
198301 1973.003904732107
198401 1973.191881660921
198501 1973.379858589734
198601 1973.567835518548
198701 1973.755812447362
198801 1973.943789376176
198901 1974.131766304989
199001 1974.319743233803
199101 1974.507720162617
199201 1974.695697091431
199301 1974.883674020244
199401 1975.071650949058
199501 1975.259627877872
199601 1975.447604806686
199701 1975.635581735499
199801 1975.823558664313
199901 1976.011535593127
200001 1976.199512521941
200101 1976.387489450754
200201 1976.575466379568
200301 1976.763443308382
200401 1976.951420237196
200501 1977.139397166009
200601 1977.327374094823
200701 1977.515351023637
200801 1977.703327952451
200901 1977.891304881264
201001 1978.079281810078
201101 1978.267258738892
201201 1978.455235667705
201301 1978.643212596519
201401 1978.831189525333
201501 1979.019166454147
201601 1979.207143382961
201701 1979.395120311774
201801 1979.583097240588
201901 1979.771074169402
202001 1979.959051098215
202101 1980.147028027029
202201 1980.335004955843
202301 1980.522981884657
202401 1980.71095881347
202501 1980.898935742284
202601 1981.086912671098
202701 1981.274889599912
202801 1981.462866528725
202901 1981.650843457539
203001 1981.838820386353
203101 1982.026797315167
203201 1982.21477424398
203301 1982.402751172794
203401 1982.590728101608
203501 1982.778705030422
203601 1982.966681959236
203701 1983.154658888049
203801 1983.342635816863
203901 1983.530612745677
204001 1983.71858967449
204101 1983.906566603304
204201 1984.094543532118
204301 1984.282520460932
204401 1984.470497389745
204501 1984.658474318559
204601 1984.846451247373
204701 1985.034428176187
204801 1985.222405105
204901 1985.410382033814
205001 1985.598358962628
205101 1985.786335891442
205201 1985.974312820255
205301 1986.162289749069
205401 1986.350266677883
205501 1986.538243606697
205601 1986.72622053551
205701 1986.914197464324
205801 1987.102174393138
205901 1987.290151321952
206001 1987.478128250765
206101 1987.666105179579
206201 1987.854082108393
206301 1988.042059037207
206401 1988.23003596602
206501 1988.418012894834
206601 1988.605989823648
206701 1988.793966752462
206801 1988.981943681275
206901 1989.169920610089
207001 1989.357897538903
207101 1989.545874467717
207201 1989.73385139653
207301 1989.921828325344
207401 1990.109805254158
207501 1990.297782182972
207601 1990.485759111785
207701 1990.673736040599
207801 1990.861712969413
207901 1991.049689898226
208001 1991.23766682704
208101 1991.425643755854
208201 1991.613620684668
208301 1991.801597613482
208401 1991.989574542295
208501 1992.177551471109
208601 1992.365528399923
208701 1992.553505328736
208801 1992.74148225755
208901 1992.929459186364
209001 1993.117436115178
209101 1993.305413043991
209201 1993.493389972805
209301 1993.681366901619
209401 1993.869343830433
209501 1994.057320759247
209601 1994.24529768806
209701 1994.433274616874
209801 1994.621251545688
209901 1994.809228474501
210001 1994.997205403315
210101 1995.185182332129
210201 1995.373159260943
210301 1995.561136189756
210401 1995.74911311857
210501 1995.937090047384
210601 1996.125066976198
210701 1996.313043905011
210801 1996.501020833825
210901 1996.688997762639
211001 1996.876974691453
211101 1997.064951620266
211201 1997.25292854908
211301 1997.440905477894
211401 1997.628882406708
211501 1997.816859335521
211601 1998.004836264335
211701 1998.192813193149
211801 1998.380790121963
211901 1998.568767050776
212001 1998.75674397959
212101 1998.944720908404
212201 1999.132697837218
212301 1999.320674766031
212401 1999.508651694845
212501 1999.696628623659
212601 1999.884605552473
212701 2000.072582481286
212801 2000.2605594101
212901 2000.448536338914
213001 2000.636513267728
213101 2000.824490196541
213201 2001.012467125355
213301 2001.200444054169
213401 2001.388420982983
213501 2001.576397911796
213601 2001.76437484061
213701 2001.952351769424
213801 2002.140328698238
213901 2002.328305627051
214001 2002.516282555865
214101 2002.704259484679
214201 2002.892236413493
214301 2003.080213342306
214401 2003.26819027112
214501 2003.456167199934
214601 2003.644144128747
214701 2003.832121057561
214801 2004.020097986375
214901 2004.208074915189
215001 2004.396051844003
215101 2004.584028772816
215201 2004.77200570163
215301 2004.959982630444
215401 2005.147959559258
215501 2005.335936488071
215601 2005.523913416885
215701 2005.711890345699
215801 2005.899867274512
215901 2006.087844203326
216001 2006.27582113214
216101 2006.463798060954
216201 2006.651774989768
216301 2006.839751918581
216401 2007.027728847395
216501 2007.215705776209
216601 2007.403682705022
216701 2007.591659633836
216801 2007.77963656265
216901 2007.967613491464
217001 2008.155590420277
217101 2008.343567349091
217201 2008.531544277905
217301 2008.719521206719
217401 2008.907498135532
217501 2009.095475064346
217601 2009.28345199316
217701 2009.471428921974
217801 2009.659405850787
217901 2009.847382779601
218001 2010.035359708415
218101 2010.223336637229
218201 2010.411313566043
218301 2010.599290494856
218401 2010.78726742367
218501 2010.975244352484
218601 2011.163221281297
218701 2011.351198210111
218801 2011.539175138925
218901 2011.727152067739
219001 2011.915128996552
219101 2012.103105925366
219201 2012.29108285418
219301 2012.479059782994
219401 2012.667036711807
219501 2012.855013640621
219601 2013.042990569435
219701 2013.230967498249
219801 2013.418944427062
219901 2013.606921355876
220001 2013.79489828469
220101 2013.982875213504
220201 2014.170852142317
220301 2014.358829071131
220401 2014.546805999945
220501 2014.734782928759
220601 2014.922759857572
220701 2015.110736786386
220801 2015.2987137152
220901 2015.486690644014
221001 2015.674667572827
221101 2015.862644501641
221201 2016.050621430455
221301 2016.238598359269
221401 2016.426575288082
221501 2016.614552216896
221601 2016.80252914571
221701 2016.990506074524
221801 2017.178483003337
221901 2017.366459932151
222001 2017.554436860965
222101 2017.742413789779
222201 2017.930390718592
222301 2018.118367647406
222401 2018.30634457622
222501 2018.494321505033
222601 2018.682298433847
222701 2018.870275362661
222801 2019.058252291475
222901 2019.246229220289
223001 2019.434206149102
223101 2019.622183077916
223201 2019.81016000673
223301 2019.998136935543
223401 2020.186113864357
223501 2020.374090793171
223601 2020.562067721985
223701 2020.750044650798
223801 2020.938021579612
223901 2021.125998508426
224001 2021.31397543724
224101 2021.501952366054
224201 2021.689929294867
224301 2021.877906223681
224401 2022.065883152495
224501 2022.253860081308
224601 2022.441837010122
224701 2022.629813938936
224801 2022.81779086775
224901 2023.005767796563
225001 2023.193744725377
225101 2023.381721654191
225201 2023.569698583005
225301 2023.757675511818
225401 2023.945652440632
225501 2024.133629369446
225601 2024.32160629826
225701 2024.509583227073
225801 2024.697560155887
225901 2024.885537084701
226001 2025.073514013515
226101 2025.261490942328
226201 2025.449467871142
226301 2025.637444799956
226401 2025.82542172877
226501 2026.013398657583
226601 2026.201375586397
226701 2026.389352515211
226801 2026.577329444025
226901 2026.765306372838
227001 2026.953283301652
227101 2027.141260230466
227201 2027.32923715928
227301 2027.517214088093
227401 2027.705191016907
227501 2027.893167945721
227601 2028.081144874535
227701 2028.269121803348
227801 2028.457098732162
227901 2028.645075660976
228001 2028.83305258979
228101 2029.021029518603
228201 2029.209006447417
228301 2029.396983376231
228401 2029.584960305045
228501 2029.772937233858
228601 2029.960914162672
228701 2030.148891091486
228801 2030.3368680203
228901 2030.524844949113
229001 2030.712821877927
229101 2030.900798806741
229201 2031.088775735554
229301 2031.276752664368
229401 2031.464729593182
229501 2031.652706521996
229601 2031.84068345081
229701 2032.028660379623
229801 2032.216637308437
229901 2032.404614237251
230001 2032.592591166064
230101 2032.780568094878
230201 2032.968545023692
230301 2033.156521952506
230401 2033.344498881319
230501 2033.532475810133
230601 2033.720452738947
230701 2033.908429667761
230801 2034.096406596575
230901 2034.284383525388
231001 2034.472360454202
231101 2034.660337383016
231201 2034.848314311829
231301 2035.036291240643
231401 2035.224268169457
231501 2035.412245098271
231601 2035.600222027084
231701 2035.788198955898
231801 2035.976175884712
231901 2036.164152813526
232001 2036.352129742339
232101 2036.540106671153
232201 2036.728083599967
232301 2036.916060528781
232401 2037.104037457594
232501 2037.292014386408
232601 2037.479991315222
232701 2037.667968244036
232801 2037.855945172849
232901 2038.043922101663
233001 2038.231899030477
233101 2038.419875959291
233201 2038.607852888104
233301 2038.795829816918
233401 2038.983806745732
233501 2039.171783674546
233601 2039.359760603359
233701 2039.547737532173
233801 2039.735714460987
233901 2039.923691389801
234001 2040.111668318614
234101 2040.299645247428
234201 2040.487622176242
234301 2040.675599105056
234401 2040.863576033869
234501 2041.051552962683
234601 2041.239529891497
234701 2041.427506820311
234801 2041.615483749124
234901 2041.803460677938
235001 2041.991437606752
235101 2042.179414535565
235201 2042.367391464379
235301 2042.555368393193
235401 2042.743345322007
235501 2042.931322250821
235601 2043.119299179634
235701 2043.307276108448
235801 2043.495253037262
235901 2043.683229966075
236001 2043.871206894889
236101 2044.059183823703
236201 2044.247160752517
236301 2044.435137681331
236401 2044.623114610144
236501 2044.811091538958
236601 2044.999068467772
236701 2045.187045396586
236801 2045.375022325399
236901 2045.562999254213
237001 2045.750976183027
237101 2045.93895311184
237201 2046.126930040654
237301 2046.314906969468
237401 2046.502883898282
237501 2046.690860827096
237601 2046.878837755909
237701 2047.066814684723
237801 2047.254791613537
237901 2047.44276854235
238001 2047.630745471164
238101 2047.818722399978
238201 2048.006699328792
238301 2048.194676257605
238401 2048.382653186419
238501 2048.570630115233
238601 2048.758607044047
238701 2048.94658397286
238801 2049.134560901674
238901 2049.322537830488
239001 2049.510514759302
239101 2049.698491688116
239201 2049.886468616929
239301 2050.074445545743
239401 2050.262422474557
239501 2050.45039940337
239601 2050.638376332184
239701 2050.826353260998
239801 2051.014330189812
239901 2051.202307118625
240001 2051.390284047439
240101 2051.578260976253
240201 2051.766237905067
240301 2051.954214833881
240401 2052.142191762694
240501 2052.330168691508
240601 2052.518145620322
240701 2052.706122549135
240801 2052.894099477949
240901 2053.082076406763
241001 2053.270053335576
241101 2053.45803026439
241201 2053.646007193204
241301 2053.833984122018
241401 2054.021961050832
241501 2054.209937979645
241601 2054.397914908459
241701 2054.585891837273
241801 2054.773868766087
241901 2054.9618456949
242001 2055.149822623714
242101 2055.337799552528
242201 2055.525776481341
242301 2055.713753410155
242401 2055.901730338969
242501 2056.089707267783
242601 2056.277684196597
242701 2056.46566112541
242801 2056.653638054224
242901 2056.841614983038
243001 2057.029591911852
243101 2057.217568840665
243201 2057.405545769479
243301 2057.593522698293
243401 2057.781499627106
243501 2057.96947655592
243601 2058.157453484734
243701 2058.345430413548
243801 2058.533407342361
243901 2058.721384271175
244001 2058.909361199989
244101 2059.097338128803
244201 2059.285315057617
244301 2059.47329198643
244401 2059.661268915244
244501 2059.849245844058
244601 2060.037222772871
244701 2060.225199701685
244801 2060.413176630499
244901 2060.601153559312
245001 2060.789130488126
245101 2060.97710741694
245201 2061.165084345754
245301 2061.353061274568
245401 2061.541038203382
245501 2061.729015132195
245601 2061.916992061009
245701 2062.104968989823
245801 2062.292945918636
245901 2062.48092284745
246001 2062.668899776264
246101 2062.856876705077
246201 2063.044853633891
246301 2063.232830562705
246401 2063.420807491519
246501 2063.608784420333
246601 2063.796761349146
246701 2063.98473827796
246801 2064.172715206774
246901 2064.360692135588
247001 2064.548669064402
247101 2064.736645993215
247201 2064.924622922029
247301 2065.112599850843
247401 2065.300576779656
247501 2065.48855370847
247601 2065.676530637284
247701 2065.864507566097
247801 2066.052484494911
247901 2066.240461423725
248001 2066.428438352539
248101 2066.616415281353
248201 2066.804392210166
248301 2066.99236913898
248401 2067.180346067794
248501 2067.368322996608
248601 2067.556299925421
248701 2067.744276854235
248801 2067.932253783049
248901 2068.120230711862
249001 2068.308207640676
249101 2068.49618456949
249201 2068.684161498304
249301 2068.872138427118
249401 2069.060115355931
249501 2069.248092284745
249601 2069.436069213559
249701 2069.624046142373
249801 2069.812023071186
249901 2070.0