1 1274.9896200303074
101 1275.4521407768518
201 1275.915684773605
301 1276.3802491424142
401 1276.8458310075475
501 1277.3124274956942
601 1277.7800357359654
701 1278.2486528598931
801 1278.7182760014316
901 1279.188902296956
1001 1279.6605288852622
1101 1280.133152907569
1201 1280.6067715075155
1301 1281.081381831162
1401 1281.5569810269913
1501 1282.0335662459065
1601 1282.5111346412332
1701 1282.9896833687174
1801 1283.4692095865269
1901 1283.9497104552509
2001 1284.4311831379
2101 1284.9136247999063
2201 1285.3970326091237
2301 1285.881403735826
2401 1286.36673535271
2501 1286.853024634894
2601 1287.3402687599157
2701 1287.8284649077366
2801 1288.3176102607385
2901 1288.807702003724
3001 1289.2987373239182
3101 1289.7907134109673
3201 1290.2836274569383
3301 1290.777476656321
3401 1291.2722582060248
3501 1291.7679693053817
3601 1292.2646071561448
3701 1292.7621689624887
3801 1293.2606519310095
3901 1293.7600532707238
4001 1294.2603701930711
4101 1294.7615999119112
4201 1295.263739643526
4301 1295.7667866066176
4401 1296.2707380223112
4501 1296.7755911141521
4601 1297.2813431081079
4701 1297.7879912325666
4801 1298.2955327183383
4901 1298.803964798655
5001 1299.3132847091688
5101 1299.823489687954
5201 1300.3345769755065
5301 1300.846543814743
5401 1301.3593874510022
5501 1301.8731051320433
5601 1302.3876941080482
5701 1302.9031516316195
5801 1303.4194749577807
5901 1303.9366613439774
6001 1304.4547080500772
6101 1304.9736123383673
6201 1305.493371473558
6301 1306.01398272278
6401 1306.5354433555856
6501 1307.0577506439497
6601 1307.5809018622663
6701 1308.1048942873524
6801 1308.629725198447
6901 1309.1553918772086
7001 1309.6818916077186
7101 1310.2092216764788
7201 1310.7373793724134
7301 1311.266361986867
7401 1311.796166813607
7501 1312.3267911488206
7601 1312.858232291117
7701 1313.3904875415276
7801 1313.9235542035042
7901 1314.45742958292
8001 1314.9921109880704
8101 1315.527595729672
8201 1316.063881120862
8301 1316.6009644771993
8401 1317.1388431166658
8501 1317.6775143596624
8601 1318.2169755290124
8701 1318.7572239499611
8801 1319.2982569501746
8901 1319.8400718597406
9001 1320.3826660111677
9101 1320.9260367393863
9201 1321.470181381749
9301 1322.0150972780284
9401 1322.5607817704192
9501 1323.107232203537
9601 1323.65444592442
9701 1324.2024202825269
9801 1324.7511526297378
9901 1325.3006403203544
10001 1325.8508807111
10101 1326.4018711611182
10201 1326.9536090319757
10301 1327.5060916876598
10401 1328.0593164945785
10501 1328.613280821563
10601 1329.1679820398638
10701 1329.7234175231542
10801 1330.2795846475287
10901 1330.8364807915025
11001 1331.3941033360131
11101 1331.9524496644187
11201 1332.5115171624996
11301 1333.0713032184572
11401 1333.6318052229137
11501 1334.1930205689139
11601 1334.754946651923
11701 1335.317580869828
11801 1335.8809206229375
11901 1336.4449633139807
12001 1337.0097063481091
12101 1337.5751471328956
12201 1338.1412830783338
12301 1338.7081115968392
12401 1339.2756301032487
12501 1339.8438360148202
12601 1340.4127267512335
12701 1340.9822997345898
12801 1341.5525523894112
12901 1342.123482142642
13001 1342.6950864236467
13101 1343.2673626642124
13201 1343.8403082985474
13301 1344.4139207632804
13401 1344.9881974974633
13501 1345.5631359425674
13601 1346.1387335424868
13701 1346.7149877435368
13801 1347.2918959944532
13901 1347.8694557463941
14001 1348.4476644529395
14101 1349.0265195700892
14201 1349.6060185562658
14301 1350.1861588723125
14401 1350.7669379814943
14501 1351.3483533494982
14601 1351.9304024444307
14701 1352.5130827368218
14801 1353.096391699622
14901 1353.6803268082026
15001 1354.2648855403575
15101 1354.850065376301
15201 1355.4358637986702
15301 1356.0222782925218
15401 1356.6093063453347
15501 1357.1969454470097
15601 1357.785193089869
15701 1358.3740467686548
15801 1358.9635039805319
15901 1359.553562225087
16001 1360.1442190043265
16101 1360.7354718226804
16201 1361.3273181869977
16301 1361.9197556065508
16401 1362.5127815930327
16501 1363.1063936605572
16601 1363.700589325661
16701 1364.2953661073004
16801 1364.890721526855
16901 1365.4866531081243
17001 1366.0831583773297
17101 1366.6802348631138
17201 1367.277880096542
17301 1367.8760916110991
17401 1368.474866942692
17501 1369.07420362965
17601 1369.6740992127222
17701 1370.2745512350805
17801 1370.8755572423172
17901 1371.4771147824463
18001 1372.0792214059038
18101 1372.681874665546
18201 1373.2850721166521
18301 1373.8888113169212
18401 1374.4930898264743
18501 1375.0979052078544
18601 1375.703255026025
18701 1376.3091368483717
18801 1376.9155482447015
18901 1377.522486787242
19001 1378.1299500506436
19101 1378.7379356119764
19201 1379.3464410507331
19301 1379.9554639488276
19401 1380.5650018905949
19501 1381.175052462792
19601 1381.7856132545965
19701 1382.3966818576077
19801 1383.0082558658469
19901 1383.620332875756
20001 1384.2329104861988
20101 1384.8459862984603
20201 1385.4595579162462
20301 1386.0736229456857
20401 1386.6881789953272
20501 1387.3032236761412
20601 1387.9187546015203
20701 1388.5347693872777
20801 1389.1512656516484
20901 1389.7682410152884
21001 1390.3856931012756
21101 1391.003619535109
21201 1391.6220179447096
21301 1392.2408859604182
21401 1392.8602212149992
21501 1393.4800213436363
21601 1394.1002839839364
21701 1394.7210067759272
21801 1395.3421873620564
21901 1395.9638233871958
22001 1396.5859124986364
22101 1397.208452346091
22201 1397.831440581695
22301 1398.4548748600039
22401 1399.0787528379947
22501 1399.7030721750673
22601 1400.3278305330405
22701 1400.9530255761563
22801 1401.5786549710785
22901 1402.2047163868908
23001 1402.8312074950986
23101 1403.45812596963
23201 1404.0854694868328
23301 1404.713235725478
23401 1405.3414223667555
23501 1405.9700270942794
23601 1406.599047594084
23701 1407.228481554624
23801 1407.8583266667767
23901 1408.4885806238412
24001 1409.1192411215368
24101 1409.750305858005
24201 1410.381772533808
24301 1411.0136388519302
24401 1411.6459025177774
24501 1412.278561239176
24601 1412.9116127263744
24701 1413.5450546920422
24801 1414.1788848512706
24901 1414.8131009215724
25001 1415.4477006228808
25101 1416.0826816775516
25201 1416.7180418103617
25301 1417.3537787485086
25401 1417.9898902216125
25501 1418.626373961714
25601 1419.2632277032756
25701 1419.9004491831809
25801 1420.5380361407347
25901 1421.175986317664
26001 1421.8142974581167
26101 1422.4529673086622
26201 1423.091993618291
26301 1423.731374138416
26401 1424.3711066228698
26501 1425.0111888279084
26601 1425.6516185122073
26701 1426.2923934368644
26801 1426.9335113653997
26901 1427.574970063753
27001 1428.2167673002866
27101 1428.858900845784
27201 1429.50136847345
27301 1430.1441679589109
27401 1430.7872970802139
27501 1431.4307536178283
27601 1432.0745353546451
27701 1432.7186400759751
27801 1433.3630655695526
27901 1434.0078096255318
28001 1434.6528700364886
28101 1435.2982445974208
28201 1435.943931105747
28301 1436.5899273613077
28401 1437.2362311663644
28501 1437.8828403256005
28601 1438.5297526461202
28701 1439.1769659374497
28801 1439.8244780115363
28901 1440.4722866827483
29001 1441.1203897678763
29101 1441.7687850861319
29201 1442.4174704591478
29301 1443.0664437109779
29401 1443.7157026680986
29501 1444.3652451594066
29601 1445.015069016221
29701 1445.6651720722816
29801 1446.3155521637495
29901 1446.966207129208
30001 1447.6171348096607
30101 1448.2683330485331
30201 1448.9197996916728
30301 1449.5715325873482
30401 1450.223529586248
30501 1450.8757885414855
30601 1451.5283073085911
30701 1452.18108374552
30801 1452.8341157126476
30901 1453.4874010727701
31001 1454.140937691107
31101 1454.7947234352964
31201 1455.4487561754004
31301 1456.1030337839013
31401 1456.7575541357028
31501 1457.4123151081299
31601 1458.0673145809296
31701 1458.72255043627
31801 1459.378020558741
31901 1460.0337228353526
32001 1460.6896551555374
32101 1461.3458154111495
32201 1462.0022014964636
32301 1462.658811308176
32401 1463.3156427454055
32501 1463.9726937096907
32601 1464.6299621049925
32701 1465.2874458376932
32801 1465.9451428165962
32901 1466.6030509529262
33001 1467.2611681603303
33101 1467.9194923548753
33201 1468.5780214550512
33301 1469.2367533817678
33401 1469.8956860583576
33501 1470.5548174105738
33601 1471.2141453665918
33701 1471.8736678570067
33801 1472.5333828148368
33901 1473.1932881755206
34001 1473.8533818769195
34101 1474.5136618593142
34201 1475.1741260654082
34301 1475.834772440327
34401 1476.4955989316152
34501 1477.1566034892417
34601 1477.8177840655942
34701 1478.4791386154836
34801 1479.140665096141
34901 1479.8023614672202
35001 1480.4642256907948
35101 1481.1262557313617
35201 1481.7884495558371
35301 1482.4508051335606
35401 1483.1133204362914
35501 1483.7759934382118
35601 1484.4388221159243
35701 1485.1018044484533
35801 1485.7649384172441
35901 1486.4282220061648
36001 1487.0916532015028
36101 1487.755229991969
36201 1488.418950368694
36301 1489.082812325231
36401 1489.746813857554
36501 1490.4109529640582
36601 1491.075227645561
36701 1491.7396359053007
36801 1492.404175748937
36901 1493.0688451845515
37001 1493.7336422226456
37101 1494.3985648761443
37201 1495.0636111603928
37301 1495.7287790931575
37401 1496.3940666946273
37501 1497.0594719874114
37601 1497.7249929965408
37701 1498.3906277494677
37801 1499.0563742760664
37901 1499.7222306086317
38001 1500.3881947818809
38101 1501.0542648329508
38201 1501.7204388014022
38301 1502.3867147292153
38401 1503.0530906607923
38501 1503.719564642957
38601 1504.3861347249547
38701 1505.0527989584514
38801 1505.719555397535
38901 1506.3864020987153
39001 1507.0533371209224
39101 1507.720358525509
39201 1508.3874643762479
39301 1509.0546527393346
39401 1509.7219216833853
39501 1510.3892692794375
39601 1511.0566936009507
39701 1511.7241927238044
39801 1512.3917647263017
39901 1513.059407689166
40001 1513.727119695541
40101 1514.3948988309937
40201 1515.062743183511
40301 1515.7306508435024
40401 1516.3986199037986
40501 1517.0666484596504
40601 1517.7347346087317
40701 1518.402876451137
40801 1519.071072089382
40901 1519.7393196284038
41001 1520.407617175562
41101 1521.0759628406365
41201 1521.7443547358291
41301 1522.4127909757622
41401 1523.0812696774806
41501 1523.7497889604506
41601 1524.4183469465586
41701 1525.0869417601136
41801 1525.7555715278459
41901 1526.4242343789062
42001 1527.0929284448684
42101 1527.7616518597258
42201 1528.4304027598946
42301 1529.0991792842121
42401 1529.767979573936
42501 1530.436801772747
42601 1531.105644026746
42701 1531.7745044844557
42801 1532.4433812968202
42901 1533.112272617205
43001 1533.781176601397
43101 1534.4500914076048
43201 1535.1190151964577
43301 1535.7879461310072
43401 1536.4568823767256
43501 1537.1258221015066
43601 1537.7947634756665
43701 1538.4637046719408
43801 1539.1326438654885
43901 1539.801579233889
44001 1540.470508957143
44101 1541.139431217673
44201 1541.808344200323
44301 1542.4772460923582
44401 1543.146135083465
44501 1543.8150093657512
44601 1544.4838671337466
44701 1545.152706584402
44801 1545.8215259170893
44901 1546.4903233336022
45001 1547.1590970381558
45101 1547.8278452373863
45201 1548.4965661403523
45301 1549.165257958532
45401 1549.8339189058272
45501 1550.502547198559
45601 1551.1711410554708
45701 1551.8396986977282
45801 1552.5082183489171
45901 1553.1766982350453
46001 1553.8451365845415
46101 1554.5135316282565
46201 1555.181881599462
46301 1555.850184733852
46401 1556.5184392695403
46501 1557.1866434470635
46601 1557.8547955093786
46701 1558.5228937018653
46801 1559.1909362723236
46901 1559.8589214709746
47001 1560.5268475504622
47101 1561.1947127658511
47201 1561.8625153746266
47301 1562.5302536366962
47401 1563.197925814389
47501 1563.865530172455
47601 1564.5330649780658
47701 1565.200528500814
47801 1565.8679190127145
47901 1566.535234788203
48001 1567.2024741041362
48101 1567.8696352397935
48201 1568.5367164768743
48301 1569.2037160995
48401 1569.8706323942142
48501 1570.53746364998
48601 1571.2042081581837
48701 1571.8708642126321
48801 1572.5374301095535
48901 1573.2039041475985
49001 1573.8702846278375
49101 1574.5365698537637
49201 1575.202758131291
49301 1575.8688477687544
49401 1576.5348370769113
49501 1577.2007243689402
49601 1577.86650796044
49701 1578.5321861694324
49801 1579.19775731636
49901 1579.8632197240859
50001 1580.5285717178963
50101 1581.1938116254973
50201 1581.8589377770172
50301 1582.5239485050058
50401 1583.188842144434
50501 1583.8536170326934
50601 1584.5182715095987
50701 1585.1828039173843
50801 1585.8472126007075
50901 1586.5114959066455
51001 1587.1756521846978
51101 1587.8396797867856
51201 1588.503577067251
51301 1589.1673423828572
51401 1589.8309740927896
51501 1590.4944705586543
51601 1591.157830144479
51701 1591.8210512167132
51801 1592.484132144227
51901 1593.1470712983134
52001 1593.809867052685
52101 1594.4725177834769
52201 1595.1350218692453
52301 1595.7973776909673
52401 1596.4595836320432
52501 1597.1216380782923
52601 1597.7835394179565
52701 1598.4452860417002
52801 1599.1068763426067
52901 1599.7683087161827
53001 1600.4295815603557
53101 1601.0906932754745
53201 1601.751642264309
53301 1602.4124269320516
53401 1603.073045686315
53501 1603.7334969371339
53601 1604.3937790969637
53701 1605.0538905806823
53801 1605.7138298055881
53901 1606.3735951914011
54001 1607.0331851602639
54101 1607.6925981367378
54201 1608.3518325478078
54301 1609.0108868228804
54401 1609.6697593937815
54501 1610.328448694761
54601 1610.9869531624877
54701 1611.645271236053
54801 1612.3034013569709
54901 1612.9613419691743
55001 1613.6190915190193
55101 1614.2766484552826
55201 1614.9340112291632
55301 1615.5911782942803
55401 1616.2481481066757
55501 1616.9049191248114
55601 1617.5614898095719
55701 1618.217858624262
55801 1618.8740240346092
55901 1619.5299845087613
56001 1620.1857385172882
56101 1620.8412845331811
56201 1621.496621031852
56301 1622.151746491135
56401 1622.8066593912852
56501 1623.4613582149793
56601 1624.115841447316
56701 1624.7701075758139
56801 1625.4241550904144
56901 1626.0779824834794
57001 1626.7315882497933
57101 1627.3849708865603
57201 1628.0381288934077
57301 1628.6910607723828
57401 1629.343765027955
57501 1629.9962401670157
57601 1630.6484846988762
57701 1631.3004971352705
57801 1631.9522759903534
57901 1632.603819780701
58001 1633.2551270253116
58101 1633.9061962456042
58201 1634.557025965419
58301 1635.2076147110183
58401 1635.8579610110855
58501 1636.508063396725
58601 1637.1579204014636
58701 1637.8075305612483
58801 1638.4568924144487
58901 1639.1060045018544
59001 1639.754865366678
59101 1640.4034735545522
59201 1641.0518276135317
59301 1641.6999260940931
59401 1642.3477675491326
59501 1642.9953505339706
59601 1643.642673606346
59701 1644.2897353264214
59801 1644.9365342567792
59901 1645.5830689624242
60001 1646.229338010782
60101 1646.8753399716998
60201 1647.5210734174473
60301 1648.1665369227132
60401 1648.8117290646098
60501 1649.4566484226698
60601 1650.1012935788474
60701 1650.7456631175185
60801 1651.3897556254797
60901 1652.0335696919506
61001 1652.67710390857
61101 1653.3203568693996
61201 1653.9633271709222
61301 1654.6060134120423
61401 1655.248414194085
61501 1655.890528120797
61601 1656.5323537983468
61701 1657.173889835325
61801 1657.8151348427418
61901 1658.45608743403
62001 1659.0967462250437
62101 1659.7371098340584
62201 1660.3771768817705
62301 1661.0169459912988
62401 1661.656415788182
62501 1662.2955849003822
62601 1662.934451958281
62701 1663.5730155946821
62801 1664.2112744448116
62901 1664.8492271463153
63001 1665.4868723392615
63101 1666.1242086661398
63201 1666.7612347718612
63301 1667.397949303757
63401 1668.0343509115824
63501 1668.6704382475111
63601 1669.3062099661402
63701 1669.9416647244875
63801 1670.5768011819919
63901 1671.2116180005146
64001 1671.8461138443374
64101 1672.480287380164
64201 1673.1141372771194
64301 1673.747662206749
64401 1674.3808608430218
64501 1675.0137318623263
64601 1675.6462739434728
64701 1676.2784857676936
64801 1676.910366018642
64901 1677.5419133823925
65001 1678.1731265474416
65101 1678.8040042047064
65201 1679.4345450475262
65301 1680.0647477716611
65401 1680.6946110752933
65501 1681.3241336590256
65601 1681.9533142258827
65701 1682.5821514813106
65801 1683.2106441331766
65901 1683.8387908917693
66001 1684.4665904697995
66101 1685.0940415823986
66201 1685.721142947119
66301 1686.347893283936
66401 1686.974291315245
66501 1687.6003357658628
66601 1688.2260253630288
66701 1688.851358836403
66801 1689.4763349180666
66901 1690.1009523425216
67001 1690.7252098466938
67101 1691.349106169928
67201 1691.9726400539914
67301 1692.595810243073
67401 1693.2186154837814
67501 1693.8410545251488
67601 1694.4631261186278
67701 1695.0848290180923
67801 1695.7061619798383
67901 1696.3271237625822
68001 1696.9477131274625
68101 1697.5679288380388
68201 1698.1877696602924
68301 1698.8072343626254
68401 1699.426321715863
68501 1700.0450304932485
68601 1700.6633594704504
68701 1701.2813074255562
68801 1701.8988731390752
68901 1702.5160553939388
69001 1703.1328529754994
69101 1703.7492646715305
69201 1704.3652892722268
69301 1704.9809255702062
69401 1705.5961723605055
69501 1706.211028440585
69601 1706.8254926103248
69701 1707.4395636720271
69801 1708.053240430416
69901 1708.6665216926365
70001 1709.2794062682544
70101 1709.8918929692584
70201 1710.5039806100567
70301 1711.1156680074812
70401 1711.726953980783
70501 1712.337837351636
70601 1712.9483169441344
70701 1713.558391584795
70801 1714.1680601025555
70901 1714.7773213287755
71001 1715.3861740972343
71101 1715.9946172441346
71201 1716.602649608099
71301 1717.2102700301732
71401 1717.8174773538226
71501 1718.4242704249348
71601 1719.030648091819
71701 1719.636609205205
71801 1720.2421526182447
71901 1720.847277186512
72001 1721.4519817680005
72101 1722.0562652231265
72201 1722.6601264147268
72301 1723.2635642080613
72401 1723.8665774708093
72501 1724.4691650730726
72601 1725.0713258873739
72701 1725.6730587886582
72801 1726.2743626542906
72901 1726.8752363640585
73001 1727.475678800171
73101 1728.0756888472577
73201 1728.6752653923697
73301 1729.27440732498
73401 1729.8731135369833
73501 1730.4713829226946
73601 1731.0692143788513
73701 1731.6666068046118
73801 1732.2635591015555
73901 1732.8600701736843
74001 1733.4561389274204
74101 1734.0517642716081
74201 1734.6469451175126
74301 1735.241680378821
74401 1735.8359689716413
74501 1736.4298098145034
74601 1737.0232018283587
74701 1737.616143936579
74801 1738.2086350649588
74901 1738.800674141713
75001 1739.3922600974784
75101 1739.9833918653135
75201 1740.5740683806966
75301 1741.1642885815304
75401 1741.7540514081356
75501 1742.343355803257
75601 1742.9322007120595
75701 1743.5205850821296
75801 1744.1085078634749
75901 1744.6959680085251
76001 1745.282964472131
76101 1745.8694962115644
76201 1746.4555621865197
76301 1747.0411613591111
76401 1747.626292693875
76501 1748.2109551577696
76601 1748.7951477201734
76701 1749.3788693528882
76801 1749.9621190301348
76901 1750.5448957285573
77001 1751.1271984272203
77101 1751.70902610761
77201 1752.290377753634
77301 1752.871252351622
77401 1753.4516488903232
77501 1754.0315663609108
77601 1754.6110037569767
77701 1755.1899600745362
77801 1755.7684343120256
77901 1756.3464254703022
78001 1756.9239325526446
78101 1757.5009545647533
78201 1758.07749051475
78301 1758.653539413178
78401 1759.2291002730014
78501 1759.8041721096063
78601 1760.3787539408002
78701 1760.9528447868113
78801 1761.52644367029
78901 1762.0995496163077
79001 1762.6721616523578
79101 1763.2442788083542
79201 1763.8159001166325
79301 1764.3870246119502
79401 1764.957651331486
79501 1765.5277793148393
79601 1766.0974076040318
79701 1766.6665352435061
79801 1767.2351612801267
79901 1767.8032847631787
80001 1768.37090474437
80101 1768.9380202778277
80201 1769.5046304201023
80301 1770.0707342301653
80401 1770.6363307694085
80501 1771.201419101647
80601 1771.7659982931154
80701 1772.3300674124705
80801 1772.8936255307908
80901 1773.4566717215757
81001 1774.0192050607468
81101 1774.5812246266462
81201 1775.1427295000374
81301 1775.7037187641063
81401 1776.2641915044587
81501 1776.8241468091237
81601 1777.3835837685504
81701 1777.942501475609
81801 1778.5008990255933
81901 1779.058775516215
82001 1779.6161300476108
82101 1780.172961722337
82201 1780.7292696453703
82301 1781.2850529241118
82401 1781.8403106683804
82501 1782.3950419904197
82601 1782.9492460048925
82701 1783.502921828884
82801 1784.0560685819005
82901 1784.6086853858694
83001 1785.16077136514
83101 1785.7123256464831
83201 1786.2633473590909
83301 1786.8138356345762
83401 1787.3637896069743
83501 1787.9132084127407
83601 1788.4620911907534
83701 1789.0104370823117
83801 1789.558245231135
83901 1790.1055147833665
84001 1790.6522448875685
84101 1791.1984346947256
84201 1791.744083358244
84301 1792.2891900339514
84401 1792.8337538800963
84501 1793.377774057349
84601 1793.9212497288008
84701 1794.4641800599654
84801 1795.0065642187772
84901 1795.5484013755913
85001 1796.0896907031859
85101 1796.6304313767591
85201 1797.170622573931
85301 1797.7102634747437
85401 1798.249353261659
85501 1798.7878911195623
85601 1799.3258762357586
85701 1799.863307799975
85801 1800.4001850043605
85901 1800.9365070434847
86001 1801.472273114339
86101 1802.007482416336
86201 1802.5421341513095
86301 1803.0762275235156
86401 1803.6097617396315
86501 1804.142736008755
86601 1804.6751495424062
86701 1805.2070015545255
86801 1805.738291261476
86901 1806.2690178820426
87001 1806.799180637429
87101 1807.328778751263
87201 1807.8578114495924
87301 1808.386277960887
87401 1808.9141775160379
87501 1809.441509348357
87601 1809.968272693579
87701 1810.494466789858
87801 1811.0200908777713
87901 1811.5451442003168
88001 1812.0696260029142
88101 1812.5935355334038
88201 1813.1168720420487
88301 1813.6396347815316
88401 1814.1618230069582
88501 1814.6834359758543
88601 1815.2044729481688
88701 1815.7249331862697
88801 1816.2448159549488
88901 1816.7641205214172
89001 1817.2828461553095
89101 1817.8009921286796
89201 1818.3185577160045
89301 1818.8355421941812
89401 1819.3519448425293
89501 1819.867764942789
89601 1820.3830017791236
89701 1820.8976546381143
89801 1821.411722808767
89901 1821.9252055825077
90001 1822.4381022531836
90101 1822.9504121170646
90201 1823.4621344728398
90301 1823.973268621622
90401 1824.483813866944
90501 1824.9937695147594
90601 1825.5031348734465
90701 1826.0119092538005
90801 1826.5200919690412
90901 1827.0276823348083
91001 1827.5346796691636
91101 1828.0410832925902
91201 1828.5468925279934
91301 1829.052106700697
91401 1829.5567251384498
91501 1830.0607471714197
91601 1830.5641721321974
91701 1831.0669993557938
91801 1831.5692281796419
91901 1832.0708579435957
92001 1832.5718879899316
92101 1833.0723176633455
92201 1833.572146310957
92301 1834.0713732823053
92401 1834.5699979293518
92501 1835.06801960648
92601 1835.5654376704922
92701 1836.0622514806153
92801 1836.5584603984962
92901 1837.0540637882027
93001 1837.5490610162246
93101 1838.0434514514732
93201 1838.5372344652808
93301 1839.0304094314015
93401 1839.5229757260108
93501 1840.0149327277052
93601 1840.5062798175022
93701 1840.9970163788425
93801 1841.4871417975874
93901 1841.9766554620173
94001 1842.4655567628377
94101 1842.953845093173
94201 1843.44151984857
94301 1843.9285804269966
94401 1844.4150262288422
94501 1844.9008566569182
94601 1845.386071116456
94701 1845.8706690151091
94801 1846.3546497629532
94901 1846.838012772484
95001 1847.3207574586202
95101 1847.8028832387008
95201 1848.2843895324856
95301 1848.7652757621574
95401 1849.2455413523198
95501 1849.7251857299968
95601 1850.2042083246356
95701 1850.6826085681037
95801 1851.1603858946892
95901 1851.6375397411039
96001 1852.114069546479
96101 1852.5899747523677
96201 1853.0652548027447
96301 1853.539909144007
96401 1854.0139372249705
96501 1854.4873384968757
96601 1854.960112413382
96701 1855.4322584305712
96801 1855.9037760069461
96901 1856.3746646034326
97001 1856.8449236833753
97101 1857.3145527125419
97201 1857.7835511591215
97301 1858.2519184937237
97401 1858.7196541893804
97501 1859.1867577215442
97601 1859.65322856809
97701 1860.1190662093136
97801 1860.5842701279316
97901 1861.0488398090827
98001 1861.5127747403276
98101 1861.976074411647
98201 1862.438738315444
98301 1862.900765946543
98401 1863.3621568021883
98501 1863.822910382049
98601 1864.2830261882123
98701 1864.7425037251874
98801 1865.2013424999077
98901 1865.6595420217234
99001 1866.1171018024102
99101 1866.5740213561626
99201 1867.0303001995978
99301 1867.4859378517547
99401 1867.9409338340922
99501 1868.3952876704918
99601 1868.8489988872552
99701 1869.302067013107
99801 1869.7544915791925
99901 1870.2062721190784
100001 1870.6574081687527
100101 1871.1078992666241
100201 1871.5577449535253
100301 1872.006944772707
100401 1872.4554982698435
100501 1872.9034049930303
100601 1873.3506644927834
100701 1873.797276322041
100801 1874.2432400361624
100901 1874.688555192928
101001 1875.1332213525413
101101 1875.577238077624
101201 1876.020604933222
101301 1876.463321486802
101401 1876.9053873082514
101501 1877.3468019698794
101601 1877.787565046416
101701 1878.2276761150144
101801 1878.6671347552474
101901 1879.1059405491098
102001 1879.5440930810178
102101 1879.981591937809
102201 1880.4184367087423
102301 1880.8546269854985
102401 1881.2901623621797
102501 1881.7250424353078
102601 1882.1592668038295
102701 1882.5928350691088
102801 1883.0257468349344
102901 1883.4580017075152
103001 1883.8895992954806
103101 1884.3205392098832
103201 1884.7508210641954
103301 1885.1804444743118
103401 1885.609409058549
103501 1886.037714437644
103601 1886.4653602347546
103701 1886.8923460754613
103801 1887.3186715877664
103901 1887.7443364020926
104001 1888.1693401512837
104101 1888.593682470606
104201 1889.0173629977457
104301 1889.4403813728127
104401 1889.8627372383357
104501 1890.284430239267
104601 1890.705460022979
104701 1891.1258262392655
104801 1891.5455285403425
104901 1891.9645665808473
105001 1892.3829400178372
105101 1892.8006485107933
105201 1893.2176917216157
105301 1893.6340693146276
105401 1894.0497809565732
105501 1894.4648263166166
105601 1894.8792050663467
105701 1895.2929168797705
105801 1895.7059614333173
105901 1896.1183384058388
106001 1896.5300474786075
106101 1896.9410883353164
106201 1897.3514606620818
106301 1897.76116414744
106401 1898.1701984823485
106501 1898.5785633601877
106601 1898.9862584767573
106701 1899.393283530281
106801 1899.7996382214012
106901 1900.205322253184
107001 1900.6103353311153
107101 1901.0146771631037
107201 1901.418347459477
107301 1901.8213459329875
107401 1902.223672298807
107501 1902.6253262745283
107601 1903.0263075801665
107701 1903.4266159381589
107801 1903.826251073362
107901 1904.225212713056
108001 1904.6235005869403
108101 1905.021114427138
108201 1905.4180539681915
108301 1905.8143189470666
108401 1906.2099091031487
108501 1906.6048241782455
108601 1906.9990639165862
108701 1907.392628064821
108801 1907.785516372022
108901 1908.1777285896821
109001 1908.5692644717158
109101 1908.9601237744596
109201 1909.3503062566701
109301 1909.739811679527
109401 1910.1286398066304
109501 1910.5167904040018
109601 1910.9042632400835
109701 1911.291058085741
109801 1911.6771747142598
109901 1912.0626129013474
110001 1912.4473724251318
110101 1912.8314530661635
110201 1913.2148546074143
110301 1913.5975768342762
110401 1913.9796195345643
110501 1914.3609824985142
110601 1914.7416655187824
110701 1915.1216683904481
110801 1915.5009909110106
110901 1915.8796328803917
111001 1916.2575941009345
111101 1916.6348743774024
111201 1917.0114735169811
111301 1917.3873913292769
111401 1917.7626276263193
111501 1918.1371822225576
111601 1918.5110549348626
111701 1918.8842455825272
111801 1919.2567539872657
111901 1919.6285799732127
112001 1919.999723366926
112101 1920.3701839973828
112201 1920.7399616959833
112301 1921.1090562965474
112401 1921.4774676353195
112501 1921.8451955509618
112601 1922.2122398845595
112701 1922.5786004796205
112801 1922.9442771820713
112901 1923.3092698402625
113001 1923.673578304964
113101 1924.0372024293688
113201 1924.4001420690904
113301 1924.7623970821637
113401 1925.1239673290447
113501 1925.484852672612
113601 1925.845052978165
113701 1926.2045681134236
113801 1926.5633979485308
113901 1926.9215423560483
114001 1927.279001210963
114101 1927.6357743906806
114201 1927.9918617750282
114301 1928.3472632462558
114401 1928.7019786890328
114501 1929.0560079904521
114601 1929.4093510400264
114701 1929.7620077296913
114801 1930.1139779538016
114901 1930.465261609136
115001 1930.8158585948931
115101 1931.165768812693
115201 1931.514992166578
115301 1931.8635285630105
115401 1932.2113779108754
115501 1932.5585401214785
115601 1932.9050151085476
115701 1933.2508027882313
115801 1933.5959030791007
115901 1933.9403159021458
116001 1934.28404118078
116101 1934.6270788408378
116201 1934.9694288105754
116301 1935.3110910206706
116401 1935.652065404221
116501 1935.9923518967464
116601 1936.3319504361884
116701 1936.6708609629109
116801 1937.0090834196974
116901 1937.3466177517532
117001 1937.6834639067058
117101 1938.0196218346036
117201 1938.355091487916
117301 1938.6898728215351
117401 1939.0239657927737
117501 1939.3573703613654
117601 1939.6900864894646
117701 1940.02211414165
117801 1940.3534532849185
117901 1940.6841038886917
118001 1941.0140659248088
118101 1941.3433393675327
118201 1941.671924193548
118301 1941.9998203819598
118401 1942.3270279142948
118501 1942.6535467745007
118601 1942.9793769489472
118701 1943.3045184264263
118801 1943.6289711981485
118901 1943.952735257749
119001 1944.2758106012827
119101 1944.5981972272261
119201 1944.9198951364767
119301 1945.2409043323546
119401 1945.5612248206
119501 1945.8808566093755
119601 1946.1997997092649
119701 1946.518054133272
119801 1946.835619896825
119901 1947.1524970177702
120001 1947.4686855163782
120101 1947.784185415338
120201 1948.0989967397632
120301 1948.4131195171863
120401 1948.726553777562
120501 1949.0392995532673
120601 1949.3513568791
120701 1949.6627257922783
120801 1949.9734063324427
120901 1950.283398541656
121001 1950.5927024644002
121101 1950.9013181475816
121201 1951.2092456405246
121301 1951.5164849949779
121401 1951.82303626511
121501 1952.128899507511
121601 1952.4340747811927
121701 1952.7385621475887
121801 1953.042361670553
121901 1953.3454734163618
122001 1953.6478974537117
122101 1953.9496338537228
122201 1954.2506826899346
122301 1954.5510440383086
122401 1954.850717977227
122501 1955.1497045874953
122601 1955.4480039523391
122701 1955.7456161574055
122801 1956.0425412907628
122901 1956.338779442901
123001 1956.634330706731
123101 1956.9291951775872
123201 1957.2233729532222
123301 1957.5168641338128
123401 1957.8096688219548
123501 1958.1017871226675
123601 1958.3932191433905
123701 1958.6839649939852
123801 1958.974024786734
123901 1959.2633986363412
124001 1959.5520866599313
124101 1959.8400889770523
124201 1960.1274057096725
124301 1960.4140369821812
124401 1960.6999829213892
124501 1960.9852436565288
124601 1961.2698193192546
124701 1961.5537100436413
124801 1961.8369159661863
124901 1962.1194372258074
125001 1962.4012739638436
125101 1962.682426324056
125201 1962.9628944526276
125301 1963.242678498161
125401 1963.5217786116823
125501 1963.800194946638
125601 1964.077927658895
125701 1964.354976906744
125801 1964.631342850895
125901 1964.9070256544799
126001 1965.1820254830534
126101 1965.456342504589
126201 1965.7299768894832
126301 1966.0029288105557
126401 1966.2751984430436
126501 1966.546785964608
126601 1966.817691555332
126701 1967.0879153977173
126801 1967.3574576766896
126901 1967.6263185795954
127001 1967.894498296202
127101 1968.1619970186982
127201 1968.4288149416948
127301 1968.694952262223
127401 1968.9604091797362
127501 1969.2251858961101
127601 1969.4892826156401
127701 1969.752699545043
127801 1970.0154368934582
127901 1970.2774948724464
128001 1970.5388736959883
128101 1970.799573580488
128201 1971.0595947447691
128301 1971.3189374100782
128401 1971.577601800082
128501 1971.8355881408697
128601 1972.0928966609515
128701 1972.3495275912585
128801 1972.6054811651431
128901 1972.8607576183808
129001 1973.1153571891664
129101 1973.3692801181178
129201 1973.6225266482734
129301 1973.8750970250926
129401 1974.1269914964569
129501 1974.3782103126691
129601 1974.6287537264543
129701 1974.8786219929561
129801 1975.1278153697433
129901 1975.3763341168037
130001 1975.6241784965464
130101 1975.8713487738037
130201 1976.1178452158276
130301 1976.3636680922923
130401 1976.6088176752928
130501 1976.8532942393463
130601 1977.0970980613906
130701 1977.3402294207863
130801 1977.5826885993138
130901 1977.8244758811752
131001 1978.0655915529946
131101 1978.306035903817
131201 1978.5458092251101
131301 1978.7849118107606
131401 1979.0233439570789
131501 1979.2611059627955
131601 1979.4981981290625
131701 1979.7346207594537
131801 1979.970374159965
131901 1980.205458639012
132001 1980.4398745074323
132101 1980.6736220784858
132201 1980.9067016678532
132301 1981.1391135936365
132401 1981.3708581763592
132501 1981.6019357389664
132601 1981.832346606824
132701 1982.06209110772
132801 1982.2911695718642
132901 1982.5195823318857
133001 1982.7473297228375
133101 1982.9744120821929
133201 1983.2008297498464
133301 1983.426583068114
133401 1983.6516723817342
133501 1983.876098037865
133601 1984.0998603860871
133701 1984.322959778402
133801 1984.5453965692336
133901 1984.7671711154262
134001 1984.9882837762455
134101 1985.2087349133787
134201 1985.4285248909355
134301 1985.6476540754454
134401 1985.8661228358603
134501 1986.0839315435537
134601 1986.3010805723197
134701 1986.5175702983731
134801 1986.7334011003527
134901 1986.9485733593167
135001 1987.1630874587445
135101 1987.3769437845385
135201 1987.590142725021
135301 1987.8026846709365
135401 1988.0145700154505
135501 1988.2257991541505
135601 1988.4363724850446
135701 1988.646290408563
135801 1988.8555533275562
135901 1989.0641616472976
136001 1989.2721157754818
136101 1989.4794161222242
136201 1989.6860631000607
136301 1989.8920571239503
136401 1990.097398611273
136501 1990.3020879818293
136601 1990.5061256578424
136701 1990.709512063956
136801 1990.912247627235
136901 1991.1143327771672
137001 1991.3157679456597
137101 1991.516553567043
137201 1991.7166900780674
137301 1991.9161779179058
137401 1992.1150175281516
137501 1992.3132093528202
137601 1992.5107538383481
137701 1992.7076514335938
137801 1992.9039025898362
137901 1993.0995077607763
138001 1993.294467402536
138101 1993.488781973659
138201 1993.682451935111
138301 1993.875477750278
138401 1994.0678598849677
138501 1994.2595988074095
138601 1994.4506949882543
138701 1994.6411489005739
138801 1994.830961019862
138901 1995.020131824033
139001 1995.2086617934237
139101 1995.3965514107915
139201 1995.583801161316
139301 1995.7704115325973
139401 1995.9563830146571
139501 1996.141716099939
139601 1996.3264112833076
139701 1996.5104690620494
139801 1996.6938899358718
139901 1996.8766744069032
140001 1997.0588229796945
140101 1997.2403361612166
140201 1997.4212144608643
140301 1997.6014583904507
140401 1997.7810684642125
140501 1997.9600451988067
140601 1998.138389113312
140701 1998.3161007292294
140801 1998.4931805704796
140901 1998.6696291634062
141001 1998.8454470367733
141101 1999.0206347217659
141201 1999.1951927519929
141301 1999.3691216634813
141401 1999.5424219946826
141501 1999.715094286467
141601 1999.8871390821278
141701 2000.0585569273796
141801 2000.2293483703575
141901 2000.3995139616186
142001 2000.569054254142
142101 2000.737969803327
142201 2000.906261166995
142301 2001.073928905388
142401 2001.2409735811711
142501 2001.4073957594296
142601 2001.57319600767
142701 2001.738374895821
142801 2001.9029329962316
142901 2002.066870883674
143001 2002.2301891353395
143101 2002.3928883308436
143201 2002.5549690522196
143301 2002.7164318839255
143401 2002.8772774128392
143501 2003.0375062282606
143601 2003.19711892191
143701 2003.3561160879308
143801 2003.514498322885
143901 2003.6722662257594
144001 2003.82942039796
144101 2003.985961443314
144201 2004.1418899680723
144301 2004.2972065809045
144401 2004.4519118929031
144501 2004.6060065175825
144601 2004.7594910708767
144701 2004.9123661711421
144801 2005.0646324391566
144901 2005.21629049812
145001 2005.3673409736523
145101 2005.517784493796
145201 2005.6676216890146
145301 2005.816853192192
145401 2005.9654796386358
145501 2006.1135016660728
145601 2006.2609199146518
145701 2006.4077350269442
145801 2006.5539476479416
145901 2006.699558425056
146001 2006.844568008124
146101 2006.9889770494
146201 2007.1327862035628
146301 2007.275996127711
146401 2007.4186074813647
146501 2007.5606209264654
146601 2007.7020371273766
146701 2007.8428567508827
146801 2007.9830804661892
146901 2008.1227089449244
147001 2008.2617428611356
147101 2008.4001828912942
147201 2008.5380297142917
147301 2008.6752840114402
147401 2008.811946466475
147501 2008.9480177655512
147601 2009.0834985972465
147701 2009.218389652558
147801 2009.352691624908
147901 2009.4864052101366
148001 2009.6195311065064
148101 2009.7520700147022
148201 2009.8840226378293
148301 2010.0153896814145
148401 2010.1461718534065
148501 2010.2763698641756
148601 2010.4059844265123
148701 2010.5350162556292
148801 2010.6634660691602
148901 2010.791334587162
149001 2010.9186225321105
149101 2011.0453306289037
149201 2011.1714596048612
149301 2011.2970101897247
149401 2011.4219831156568
149501 2011.546379117241
149601 2011.6701989314822
149701 2011.7934432978077
149801 2011.9161129580648
149901 2012.0382086565246
150001 2012.1597311398766
150101 2012.2806811572334
150201 2012.4010594601282
150301 2012.5208668025175
150401 2012.640103940777
150501 2012.7587716337043
150601 2012.8768706425194
150701 2012.994401730863
150801 2013.1113656647974
150901 2013.2277632128048
151001 2013.3435951457916
151101 2013.4588622370838
151201 2013.5735652624294
151301 2013.687704999996
151401 2013.8012822303765
151501 2013.9142977365814
151601 2014.0267523040454
151701 2014.1386467206216
151801 2014.249981776587
151901 2014.3607582646391
152001 2014.4709769798976
152101 2014.5806387199023
152201 2014.6897442846155
152301 2014.7982944764196
152401 2014.9062901001198
152501 2015.0137319629412
152601 2015.120620874533
152701 2015.226957646964
152801 2015.3327430947222
152901 2015.4379780347208
153001 2015.5426632862927
153101 2015.6467996711935
153201 2015.750388013597
153301 2015.853429140102
153401 2015.9559238797265
153501 2016.057873063911
153601 2016.1592775265162
153701 2016.2601381038266
153801 2016.360455634545
153901 2016.4602309597976
154001 2016.5594649231311
154101 2016.6581583705156
154201 2016.7563121503395
154301 2016.8539271134146
154401 2016.9510041129743
154501 2017.0475440046707
154601 2017.1435476465817
154701 2017.2390158992037
154801 2017.3339496254544
154901 2017.4283496906735
155001 2017.5222169626231
155101 2017.6155523114849
155201 2017.7083566098636
155301 2017.8006307327846
155401 2017.8923755576939
155501 2017.9835919644606
155601 2018.074280835373
155701 2018.1644430551441
155801 2018.2540795109048
155901 2018.3431910922095
156001 2018.4317786910337
156101 2018.519843201773
156201 2018.607385521247
156301 2018.6944065486941
156401 2018.780907185775
156501 2018.866888336573
156601 2018.9523509075907
156701 2019.0372958077537
156801 2019.1217239484079
156901 2019.2056362433223
157001 2019.2890336086855
157101 2019.371916963108
157201 2019.454287227623
157301 2019.536145325682
157401 2019.6174921831625
157501 2019.6983287283588
157601 2019.7786558919888
157701 2019.8584746071929
157801 2019.9377858095309
157901 2020.016590436984
158001 2020.0948894299568
158101 2020.1726837312735
158201 2020.24997428618
158301 2020.3267620423444
158401 2020.4030479498556
158501 2020.4788329612238
158601 2020.5541180313808
158701 2020.6289041176797
158801 2020.7031921798948
158901 2020.776983180223
159001 2020.8502780832812
159101 2020.9230778561086
159201 2020.9953834681644
159301 2021.0671958913313
159401 2021.1385160999118
159501 2021.20934507063
159601 2021.2796837826327
159701 2021.3495332174869
159801 2021.41889435918
159901 2021.487768194124
160001 2021.5561557111491
160101 2021.6240579015089
160201 2021.6914757588768
160301 2021.758410279349
160401 2021.824862461443
160501 2021.890833306096
160601 2021.9563238166693
160701 2022.0213349989435
160801 2022.0858678611216
160901 2022.1499234138275
161001 2022.2135026701067
161101 2022.2766066454265
161201 2022.3392363576745
161301 2022.4013928271613
161401 2022.4630770766175
161501 2022.5242901311954
161601 2022.5850330184699
161701 2022.6453067684356
161801 2022.7051124135096
161901 2022.76445098853
162001 2022.8233235307555
162101 2022.8817310798686
162201 2022.9396746779707
162301 2022.9971553695868
162401 2023.0541742016599
162501 2023.1107322235584
162601 2023.16683048707
162701 2023.2224700464037
162801 2023.2776519581907
162901 2023.3323772814833
163001 2023.3866470777543
163101 2023.4404624108993
163201 2023.4938243472352
163301 2023.5467339554996
163401 2023.5991923068518
163501 2023.651200474871
163601 2023.7027595355614
163701 2023.7538705673453
163801 2023.8045346510685
163901 2023.8547528699964
164001 2023.9045263098164
164101 2023.9538560586384
164201 2024.0027432069924
164301 2024.0511888478309
164401 2024.099194076527
164501 2024.1467599908756
164601 2024.1938876910917
164701 2024.240578279814
164801 2024.2868328621012
164901 2024.3326525454336
165001 2024.3780384397123
165101 2024.4229916572615
165201 2024.4675133128248
165301 2024.511604523569
165401 2024.5552664090806
165501 2024.598500091369
165601 2024.641306694865
165701 2024.683687346419
165801 2024.725643175304
165901 2024.767175313215
166001 2024.808284894268
166101 2024.8489730549995
166201 2024.8892409343684
166301 2024.9290896737543
166401 2024.9685204169605
166501 2025.0075343102073
166601 2025.0461325021406
166701 2025.0843161438243
166801 2025.1220863887481
166901 2025.159444392818
167001 2025.1963913143652
167101 2025.2329283141403
167201 2025.2690565553173
167301 2025.3047772034884
167401 2025.34009142667
167501 2025.3750003952987
167601 2025.409505282233
167701 2025.4436072627532
167801 2025.4773075145592
167901 2025.5106072177741
168001 2025.5435075549422
168101 2025.5760097110287
168201 2025.6081148734197
168301 2025.6398242319235
168401 2025.6711389787702
168501 2025.7020603086103
168601 2025.7325894185162
168701 2025.762727507982
168801 2025.792475778922
168901 2025.8218354356727
169001 2025.8508076849935
169101 2025.8793937360633
169201 2025.9075948004815
169301 2025.9354120922726
169401 2025.9628468278784
169501 2025.9899002261636
169601 2026.016573508416
169701 2026.0428678983433
169801 2026.068784622073
169901 2026.094324908158
170001 2026.119489987569
170101 2026.1442810936996
170201 2026.1686994623647
170301 2026.1927463318002
170401 2026.2164229426648
170501 2026.239730538037
170601 2026.2626703634166
170701 2026.2852436667263
170801 2026.3074516983097
170901 2026.3292957109302
171001 2026.3507769597745
171101 2026.3718967024497
171201 2026.3926561989858
171301 2026.4130567118318
171401 2026.4330995058608
171501 2026.4527858483643
171601 2026.472117009058
171701 2026.4910942600777
171801 2026.509718875981
171901 2026.527992133745
172001 2026.5459153127715
172101 2026.5634896948814
172201 2026.5807165643173
172301 2026.5975972077445
172401 2026.6141329142483
172501 2026.630324975336
172601 2026.6461746849359
172701 2026.6616833393978
172801 2026.6768522374937
172901 2026.691682680416
173001 2026.7061759717792
173101 2026.720333417618
173201 2026.7341563263906
173301 2026.7476460089742
173401 2026.76080377867
173501 2026.7736309511977
173601 2026.7861288447011
173701 2026.7982987797438
173801 2026.8101420793116
173901 2026.821660068811
174001 2026.8328540760706
174101 2026.8437254313396
174201 2026.8542754672885
174301 2026.8645055190104
174401 2026.87441692402
174501 2026.8840110222513
174601 2026.893289156062
174701 2026.90225267023
174801 2026.910902911954
174901 2026.9192412308553
175001 2026.9272689789764
175101 2026.934987510781
175201 2026.9423981831542
175301 2026.9495023554014
175401 2026.9563013892525
175501 2026.9627966488556
175601 2026.9689895007823
175701 2026.974881314024
175801 2026.980473459994
175901 2026.9857673125289
176001 2026.990764247882
176101 2026.9954656447344
176201 2026.9998728841833
176301 2027.0039873497499
176401 2027.0078104273755
176501 2027.0113435054245
176601 2027.014587974681
176701 2027.017545228352
176801 2027.0202166620647
176901 2027.0226036738673
177001 2027.0247076642308
177101 2027.026530036047
177201 2027.0280721946306
177301 2027.0293355477138
177401 2027.0303215054537
177501 2027.0310314804278
177601 2027.0314668876345
177701 2027.0316291444951
177801 2027.0315196708511
177901 2027.0311398889637
178001 2027.0304912235201
178101 2027.0295751016242
178201 2027.0283929528046
178301 2027.026946209008
178401 2027.0252363046066
178501 2027.0232646763914
178601 2027.0210327635743
178701 2027.0185420077908
178801 2027.0157938530956
178901 2027.012789745968
179001 2027.0095311353034
179101 2027.0060194724233
179201 2027.0022562110692
179301 2026.9982428074047
179401 2026.9939807200117
179501 2026.9894714098969
179601 2026.9847163404875
179701 2026.9797169776318
179801 2026.9744747895993
179901 2026.9689912470817
180001 2026.963267823191
180101 2026.9573059934614
180201 2026.9511072358484
180301 2026.9446730307284
180401 2026.9380048609007
180501 2026.9311042115833
180601 2026.9239725704183
180701 2026.9166114274678
180801 2026.9090222752163
180901 2026.901206608568
181001 2026.8931659248503
181101 2026.8849017238101
181201 2026.876415507618
181301 2026.8677087808649
181401 2026.858783050563
181501 2026.8496398261445
181601 2026.8402806194665
181701 2026.8307069448044
181801 2026.8209203188565
181901 2026.8109222607413
182001 2026.800714292001
182101 2026.790297936596
182201 2026.779674720911
182301 2026.7688461737505
182401 2026.7578138263414
182501 2026.7465792123305
182601 2026.7351438677874
182701 2026.723509331202
182801 2026.711677143487
182901 2026.6996488479754
183001 2026.6874259904225
183101 2026.675010119004
183201 2026.6624027843175
183301 2026.6496055393816
183401 2026.6366199396382
183501 2026.6234475429462
183601 2026.6100899095925
183701 2026.5965486022783
183801 2026.5828251861312
183901 2026.5689212286986
184001 2026.554838299949
184101 2026.5405779722735
184201 2026.5261418204825
184301 2026.5115314218097
184401 2026.496748355909
184501 2026.4817942048562
184601 2026.4666705531495
184701 2026.4513789877064
184801 2026.4359210978682
184901 2026.4202984753952
185001 2026.4045127144711
185101 2026.3885654116991
185201 2026.3724581661063
185301 2026.3561925791391
185401 2026.339770254666
185501 2026.3231927989762
185601 2026.3064618207818
185701 2026.2895789312163
185801 2026.2725457438316
185901 2026.2553638746053
186001 2026.238034941933
186101 2026.220560566634
186201 2026.202942371947
186301 2026.1851819835342
186401 2026.1672810294779
186501 2026.1492411402812
186601 2026.1310639488702
186701 2026.1127510905912
186801 2026.0943042032138
186901 2026.0757249269254
187001 2026.0570149043385
187101 2026.0381757804846
187201 2026.019209202818
187301 2026.0001168212139
187401 2025.9809002879697
187501 2025.9615612578013
187601 2025.9421013878498
187701 2025.9225223376748
187801 2025.9028257692607
187901 2025.8830133470087
188001 2025.8630867377444
188101 2025.8430476107158
188201 2025.8228976375885
188301 2025.8026384924535
188401 2025.7822718518205
188501 2025.7617993946221
188601 2025.7412228022115
188701 2025.7205437583636
188801 2025.6997639492745
188901 2025.6788850635628
189001 2025.6579087922655
189101 2025.6368368288458
189201 2025.6156708691838
189301 2025.594412611583
189401 2025.573063756768
189501 2025.551626007886
189601 2025.530101070504
189701 2025.5084906526101
189801 2025.4867964646157
189901 2025.465020219352
190001 2025.4431636320726
190101 2025.4212284204507
190201 2025.3992163045846
190301 2025.3771290069885
190401 2025.3549682526045
190501 2025.3327357687913
190601 2025.3104332853304
190701 2025.2880625344242
190801 2025.265625250698
190901 2025.2431231711973
191001 2025.2205580353902
191101 2025.1979315851638
191201 2025.1752455648286
191301 2025.1525017211159
191401 2025.129701803179
191501 2025.1068475625912
191601 2025.08394075335
191701 2025.0609831318711
191801 2025.037976456993
191901 2025.0149224899758
192001 2024.9918229945006
192101 2024.9686797366703
192201 2024.9454944850086
192301 2024.9222690104612
192401 2024.8990050863945
192501 2024.8757044885972
192601 2024.852368995279
192701 2024.8290003870716
192801 2024.8056004470268
192901 2024.7821709606187
193001 2024.7587137157418
193101 2024.7352305027143
193201 2024.7117231142743
193301 2024.6881933455793
193401 2024.6646429942118
193501 2024.6410738601742
193601 2024.6174877458898
193701 2024.5938864562038
193801 2024.570271798383
193901 2024.5466455821154
194001 2024.5230096195098
194101 2024.4993657250975
194201 2024.47571571583
194301 2024.4520614110827
194401 2024.4284046326484
194501 2024.4047472047441
194601 2024.381090954009
194701 2024.3574377095001
194801 2024.3337893026994
194901 2024.3101475675094
195001 2024.2865143402516
195101 2024.262891459673
195201 2024.2392807669387
195301 2024.215684105637
195401 2024.1921033217764
195501 2024.1685402637859
195601 2024.14499678252
195701 2024.121474731251
195801 2024.097975965672
195901 2024.074502343902
196001 2024.051055726476
196101 2024.0276379763548
196201 2024.004250958917
196301 2023.9808965419652
196401 2023.9575765957222
196501 2023.9342929928334
196601 2023.9110476083629
196701 2023.8878423197993
196801 2023.8646790070516
196901 2023.8415595524489
197001 2023.8184858407437
197101 2023.7954597591083
197201 2023.7724831971377
197301 2023.749558046847
197401 2023.726686202673
197501 2023.7038695614754
197601 2023.6811100225334
197701 2023.6584094875493
197801 2023.6357698606444
197901 2023.6131930483639
198001 2023.590680959673
198101 2023.5682355059591
198201 2023.5458586010302
198301 2023.523552161116
198401 2023.5013181048685
198501 2023.47915835336
198601 2023.4570748300841
198701 2023.4350694609554
198801 2023.4131441743136
198901 2023.3913009009143
199001 2023.369541573937
199101 2023.3478681289848
199201 2023.3262825040802
199301 2023.3047866396644
199401 2023.2833824786053
199501 2023.2620719661877
199601 2023.2408570501207
199701 2023.2197396805334
199801 2023.1987218099775
199901 2023.1778053934247
200001 2023.1569923882678
200101 2023.1362847543235
200201 2023.1156844538277
200301 2023.0951934514378
200401 2023.0748137142343
200501 2023.0545472117165
200601 2023.0343959158079
200701 2023.0143618008508
200801 2022.994446843612
200901 2022.9746530232749
201001 2022.9549823214495
201101 2022.935436722165
201201 2022.9160182118706
201301 2022.896728779441
201401 2022.8775704161658
201501 2022.858545115762
201601 2022.8396548743654
201701 2022.8209016905346
201801 2022.802287565247
201901 2022.783814501903
202001 2022.7654845063266
202101 2022.747299586758
202201 2022.7292617538635
202301 2022.7113730207293
202401 2022.6936354028633
202501 2022.676050918193
202601 2022.6586215870695
202701 2022.6413494322635
202801 2022.6242364789694
202901 2022.6072847547998
203001 2022.590496289794
203101 2022.5738731164047
203201 2022.5574172695149
203301 2022.5411307864215
203401 2022.5250157068472
203501 2022.5090740729358
203601 2022.4933079292502
203701 2022.4777193227771
203801 2022.4623103029223
203901 2022.4470829215165
204001 2022.4320392328066
204101 2022.417181293467
204201 2022.4025111625888
204301 2022.3880309016868
204401 2022.3737425746951
204501 2022.3596482479722
204601 2022.345749990296
204701 2022.3320498728665
204801 2022.3185499693059
204901 2022.305252355654
205001 2022.292159110377
205101 2022.2792723143589
205201 2022.2665940509078
205301 2022.2541264057506
205401 2022.241871467038
205501 2022.229831325341
205601 2022.218008073651
205701 2022.2064038073838
205801 2022.1950206243725
205901 2022.1838606248743
206001 2022.1729259115673
206101 2022.162218589552
206201 2022.1517407663482
206301 2022.1414945518977
206401 2022.1314820585656
206501 2022.1217054011354
206601 2022.1121666968145
206701 2022.102868065232
206801 2022.0938116284349
206901 2022.0849995108945
207001 2022.0764338395024
207101 2022.0681167435753
207201 2022.0600503548435
207301 2022.0522368074667
207401 2022.0446782380213
207501 2022.0373767855058
207601 2022.0303345913421
207701 2022.0235537993726
207801 2022.0170365558588
207901 2022.010785009486
208001 2022.0048013113606
208101 2021.9990876150111
208201 2021.9936460763852
208301 2021.988478853853
208401 2021.9835881082065
208501 2021.9789760026595
208601 2021.9746447028479
208701 2021.9705963768236
208801 2021.9668331950686
208901 2021.963357330479
209001 2021.9601709583758
209101 2021.9572762565
209201 2021.9546754050143
209301 2021.9523705865051
209401 2021.9503639859772
209501 2021.9486577908563
209601 2021.947254190994
209701 2021.9461553786577
209801 2021.9453635485409
209901 2021.9448808977554
210001 2021.944709625835
210101 2021.9448519347357
210201 2021.945310028836
210301 2021.946086114932
210401 2021.9471824022457
210501 2021.948601102416
210601 2021.9503444295083
210701 2021.9524146000049
210801 2021.9548138328123
210901 2021.957544349257
211001 2021.960608373087
211101 2021.9640081304728
211201 2021.9677458500043
211301 2021.971823762696
211401 2021.9762441019795
211501 2021.981009103712
211601 2021.9861210061686
211701 2021.9915820500496
211801 2021.9973944784724
211901 2022.0035605369806
212001 2022.0100824735343
212101 2022.016962538517
212201 2022.0242029847345
212301 2022.031806067414
212401 2022.0397740442054
212501 2022.0481091751744
212601 2022.0568137228129
212701 2022.065889952034
212801 2022.07534013017
212901 2022.085166526977
213001 2022.0953714146312
213101 2022.105957067732
213201 2022.1169257632969
213301 2022.1282797807648
213401 2022.1400214020005
213501 2022.1521529112883
213601 2022.1646765953305
213701 2022.177594743253
213801 2022.190909646606
213901 2022.2046235993575
214001 2022.2187388978978
214101 2022.2332578410387
214201 2022.248182730013
214301 2022.2635158684775
214401 2022.2792595625065
214501 2022.295416120597
214601 2022.31198785367
214701 2022.328977075064
214801 2022.3463861005403
214901 2022.3642172482837
215001 2022.3824728389004
215101 2022.4011551954113
215201 2022.420266643268
215301 2022.439809510338
215401 2022.4597861269103
215501 2022.4801988256982
215601 2022.5010499418336
215701 2022.5223418128712
215801 2022.5440767787882
215901 2022.5662571819785
216001 2022.5888853672636
216101 2022.611963681883
216201 2022.6354944754971
216301 2022.6594801001888
216401 2022.683922910464
216501 2022.708825263247
216601 2022.734189517883
216701 2022.7600180361446
216801 2022.7863131822182
216901 2022.8130773227167
217001 2022.8403128266723
217101 2022.8680220655406
217201 2022.8962074131928
217301 2022.9248712459307
217401 2022.9540159424705
217501 2022.9836438839507
217601 2023.013757453934
217701 2023.0443590384034
217801 2023.0754510257602
217901 2023.1070358068323
218001 2023.1391157748644
218101 2023.1716933255266
218201 2023.204770856907
218301 2023.2383507695176
218401 2023.2724354662892
218501 2023.3070273525782
218601 2023.342128836156
218701 2023.3777423272222
218801 2023.4138702383952
218901 2023.450514984711
219001 2023.487678983633
219101 2023.5253646550423
219201 2023.5635744212436
219301 2023.6023107069605
219401 2023.6415759393394
219501 2023.68137254795
219601 2023.721702964779
219701 2023.7625696242394
219801 2023.8039749631625
219901 2023.8459214208
220001 2023.888411438828
220101 2023.9314474613425
220201 2023.9750319348623
220301 2024.019167308325
220401 2024.0638560330917
220501 2024.109100562945
220601 2024.1549033540869
220701 2024.2012668651414
220801 2024.248193557156
220901 2024.2956858935981
221001 2024.3437463403561
221101 2024.3923773657402
221201 2024.4415814404829
221301 2024.4913610377362
221401 2024.5417186330756
221501 2024.5926567044958
221601 2024.6441777324158
221701 2024.696284199672
221801 2024.7489785915272
221901 2024.802263395663
222001 2024.8561411021792
222101 2024.9106142036017
222201 2024.9656851948776
222301 2025.0213565733707
222401 2025.077630838874
222501 2025.134510493595
222601 2025.1919980421649
222701 2025.2500959916365
222801 2025.3088068514858
222901 2025.368133133606
223001 2025.428077352315
223101 2025.4886420243515
223201 2025.5498296688743
223301 2025.611642807467
223401 2025.6740839641288
223501 2025.7371556652865
223601 2025.8008604397837
223701 2025.8652008188892
223801 2025.9301793362897
223901 2025.9957985280953
224001 2026.0620609328366
224101 2026.1289690914678
224201 2026.1965255473606
224301 2026.2647328463117
224401 2026.3335935365358
224501 2026.403110168672
224601 2026.4732852957818
224701 2026.5441214733446
224801 2026.615621259261
224901 2026.6877872138566
225001 2026.7606218998767
225101 2026.8341278824878
225201 2026.9083077292767
225301 2026.9831640102516
225401 2027.0586992978474
225501 2027.1349161669123
225601 2027.2118171947218
225701 2027.28940496097
225801 2027.367682047773
225901 2027.4466510396705
226001 2027.5263145236208
226101 2027.6066750890018
226201 2027.6877353276195
226301 2027.7694978336945
226401 2027.8519652038722
226501 2027.9351400372188
226601 2028.0190249352231
226701 2028.1036225017929
226801 2028.1889353432584
226901 2028.2749660683726
227001 2028.3617172883082
227101 2028.449191616658
227201 2028.5373916694411
227301 2028.6263200650942
227401 2028.7159794244744
227501 2028.8063723708624
227601 2028.897501529962
227701 2028.9893695298938
227801 2029.0819790012029
227901 2029.1753325768555
228001 2029.2694328922394
228101 2029.3642825851616
228201 2029.4598842958535
228301 2029.5562406669674
228401 2029.6533543435762
228501 2029.75122797317
228601 2029.8498642056702
228701 2029.9492656934094
228801 2030.0494350911486
228901 2030.1503750560678
229001 2030.252088247767
229101 2030.3545773282704
229201 2030.4578449620221
229301 2030.561893815886
229401 2030.66672655915
229501 2030.7723458635237
229601 2030.8787544031338
229701 2030.9859548545332
229801 2031.0939498966964
229901 2031.2027422110136
230001 2031.3123344813034
230101 2031.422729393801
230201 2031.5339296371653
230301 2031.6459379024764
230401 2031.7587568832323
230501 2031.8723892753596
230601 2031.986837777199
230701 2032.102105089516
230801 2032.218193915498
230901 2032.3351069607543
231001 2032.4528469333127
231101 2032.5714165436248
231201 2032.6908185045613
231301 2032.8110555314192
231401 2032.9321303419101
231501 2033.0540456561716
231601 2033.1768041967625
231701 2033.3004086886608
231801 2033.4248618592683
231901 2033.5501664384055
232001 2033.6763251583184
232101 2033.8033407536686
232201 2033.9312159615451
232301 2034.0599535214546
232401 2034.189556175328
232501 2034.3200266675121
232601 2034.4513677447826
232701 2034.5835821563305
232801 2034.7166726537707
232901 2034.85064199114
233001 2034.9854929248968
233101 2035.1212282139177
233201 2035.257850619505
233301 2035.3953629053794
233401 2035.5337678376854
233501 2035.6730681849867
233601 2035.81326671827
233701 2035.9543662109409
233801 2036.0963694388297
233901 2036.2392791801853
234001 2036.383098215682
234101 2036.5278293284105
234201 2036.6734753038854
234301 2036.8200389300428
234401 2036.9675229972404
234501 2037.1159302982564
234601 2037.26526362829
234701 2037.4155257849661
234801 2037.5667195683236
234901 2037.7188477808277
235001 2037.871913227365
235101 2038.0259187152428
235201 2038.1808670541882
235301 2038.3367610563523
235401 2038.4936035363048
235501 2038.6513973110395
235601 2038.8101451999719
235701 2038.969850024935
235801 2039.1305146101881
235901 2039.2921417824073
236001 2039.4547343706927
236101 2039.618295206565
236201 2039.78282712397
236301 2039.948332959269
236401 2040.114815551247
236501 2040.2822777411116
236601 2040.45072237249
236701 2040.6201522914334
236801 2040.7905703464126
236901 2040.9619793883185
237001 2041.1343822704657
237101 2041.3077818485885
237201 2041.4821809808454
237301 2041.6575825278123
237401 2041.8339893524912
237501 2042.0114043202998
237601 2042.189830299083
237701 2042.3692701591035
237801 2042.5497267730448
237901 2042.7312030160156
238001 2042.913701765542
238101 2043.0972259015743
238201 2043.281778306483
238301 2043.467361865059
238401 2043.6539794645173
238501 2043.841633994493
238601 2044.0303283470403
238701 2044.220065416639
238801 2044.4108481001867
238901 2044.6026792970065
239001 2044.7955619088366
239101 2044.9894988398414
239201 2045.1844929966064
239301 2045.3805472881386
239401 2045.5776646258637
239501 2045.7758479236318
239601 2045.9751000977126
239701 2046.1754240667965
239801 2046.376822752
239901 2046.5792990768555
240001 2046.782855967319
240101 2046.9874963517668
240201 2047.1932231610003
240301 2047.4000393282377
240401 2047.6079477891221
240501 2047.8169514817127
240601 2048.0270533464995
240701 2048.2382563263855
240801 2048.4505633666968
240901 2048.663977415183
241001 2048.878501422015
241101 2049.0941383397817
241201 2049.3108911235004
241301 2049.528762730599
241401 2049.7477561209394
241501 2049.9678742567953
241601 2050.189120102864
241701 2050.4114966262687
241801 2050.635006796549
241901 2050.8596535856664
242001 2051.0854399680074
242101 2051.3123689203744
242201 2051.5404434219977
242301 2051.7696664545238
242401 2052.000041002022
242501 2052.2315700509835
242601 2052.4642565903214
242701 2052.698103611369
242801 2052.9331141078824
242901 2053.169291076037
243001 2053.406637514433
243101 2053.645156424089
243201 2053.884850808444
243301 2054.1257236733636
243401 2054.3677780271287
243501 2054.6110168804453
243601 2054.8554432464416
243701 2055.1010601406624
243801 2055.3478705810803
243901 2055.5958775880854
244001 2055.8450841844874
244101 2056.095493395523
244201 2056.3471082488445
244301 2056.5999317745295
244401 2056.8539670050777
244501 2057.1092169754043
244601 2057.365684722853
244701 2057.623373287185
244801 2057.8822857105833
244901 2058.1424250376526
245001 2058.4037943154194
245101 2058.6663965933317
245201 2058.9302349232603
245301 2059.1953123594917
245401 2059.4616319587403
245501 2059.7291967801366
245601 2059.9980098852398
245701 2060.2680743380224
245801 2060.5393932048833
245901 2060.811969554642
246001 2061.085806458537
246101 2061.360906990231
246201 2061.6372742258063
246301 2061.9149112437685
246401 2062.1938211250435
246501 2062.474006952979
246601 2062.755471813342
246701 2063.0382187943223
246801 2063.3222509865345
246901 2063.6075714830085
247001 2063.8941833792005
247101 2064.182089772985
247201 2064.4712937646595
247301 2064.7617984569442
247401 2065.053606954976
247501 2065.346722366317
247601 2065.641147800954
247701 2065.9368863712857
247801 2066.233941192141
247901 2066.5323153807653
248001 2066.8320120568274
248101 2067.1330343424174
248201 2067.435385362046
248301 2067.739068242648
248401 2068.0440861135744
248501 2068.3504421066027
248601 2068.6581393559286
248701 2068.967180998169
248801 2069.2775701723667
248901 2069.5893100199805
249001 2069.9024036848937
249101 2070.2168543134094
249201 2070.5326650542543
249301 2070.849839058574
249401 2071.168379479937
249501 2071.4882894743323
249601 2071.8095722001717
249701 2072.132230818286
249801 2072.4562684919288
249901 2072.781688386778
